source_id,ra,dec,g,bp_rp,parallax,pmra,pmdec,teff_gspphot
5895579462688941824,212.04859387332598,-55.82136192624701,8.937088,1.7067108,1.1736758471982178,-12.034156254194443,-6.621565887869558,
5895594409179429376,212.00591256607768,-55.628768874864676,8.955552,0.50279903,5.714565747996494,-28.628978559160107,-1.9578571805650742,7149.736
5895600593929111552,212.31235898180051,-55.765818193964456,10.687698,1.5848618,1.1440552502830936,-8.201829812475285,-1.6154737152772396,
5895605503037528192,212.25280444607736,-55.600429803719244,10.926184,1.7145557,0.8956778760338043,-10.348572067713974,-5.2185727468109375,
5895597810790183424,211.96951199991017,-55.56062617113541,10.983007,0.55445766,0.7380303112205351,-4.754990051943753,-3.916490259031475,
5895605232493925888,212.27521470074316,-55.61854149455727,11.25687,2.720993,0.42082708675785363,-7.416969309655055,-1.84618063389983,3756.578
5895594409176059264,212.00487571180753,-55.62735216672758,11.271317,1.7601376,0.7344354864778984,-7.984199073860854,-8.63602182064254,
5895601040605749888,212.35101436282292,-55.712475893132485,11.361028,2.2211313,0.545949339890069,-9.337751149351613,-3.847449534496777,
5895579565768168320,212.05837574290032,-55.81344451542612,11.441131,2.5270796,0.32802365788247406,1.1264701750281578,-1.663846849312328,4143.4697
5895617430201831808,212.15395698864526,-55.592420669276436,11.443219,1.6152744,1.0654483124216727,-12.29968181234591,-1.0716904667409044,4774.9326
5895616983525222144,212.1507732791708,-55.605965926414505,11.461484,1.2838345,3.880749983036038,17.99998720761249,-26.070954905222187,
5895580424761667584,212.06517915448634,-55.77809808843569,11.4658785,2.3522463,0.3368283664181905,-4.58143833223172,2.285042703093724,
5895603926823778688,212.2953381306317,-55.71160333798443,11.569021,2.7874527,0.47718596617151554,-1.9507176455253776,-3.4912433502694284,
5895616708647295488,212.17261794441052,-55.642448010744886,11.573867,1.3360167,2.645282431786283,-18.36513559026826,-1.5875808878858217,5726.286
5895554105206205184,212.53812999114706,-55.76861169196748,11.664224,1.5963001,0.7825263134706354,-5.918555770244111,-3.026884135844684,
5895601624721298688,212.45088716952537,-55.70818010821026,11.849364,2.47991,0.3579650559341075,-9.187957269133813,-4.720687698050823,4661.472
5895575373880050304,212.20371963525136,-55.89775109936298,11.859463,0.43085575,0.19413730331237466,-7.843592928228443,-0.43550662170279253,12415.143
5895597364113423488,211.9320029052412,-55.60431584558343,11.871159,0.62515926,1.4756476341990565,-7.063908225785644,-7.855504750373218,7983.009
5895576061074810624,212.1076438450888,-55.87188589545538,11.885408,2.5958729,0.32370085651323344,-7.24470347887313,-2.647300566071824,3791.0305
5895596814357568000,211.86613550388296,-55.650680300425414,11.9320135,2.4992228,0.3009459915989695,-9.280676672509461,-3.169959252432897,
5895599558796450304,212.356029705911,-55.792023969943735,12.001173,2.0584898,0.6157710410273436,-19.34019609716021,-8.404004031873091,
5895603819410352512,212.20043704837283,-55.7123040792886,12.116282,1.052475,2.268626294753879,-17.94119547853982,-4.612889636093529,6648.521
5895606744322425856,212.3146123389566,-55.60156523517597,12.138843,1.7910366,1.0393081279962617,6.557921247987821,-5.259049386604887,4680.527
5895599730595141120,212.40596269049541,-55.76478494000031,12.2144,0.6156397,1.2510395801956709,-8.322471420769338,-6.387664501566212,8540.654
5895579909365607680,212.13851614874085,-55.781225177520824,12.220481,3.1240225,0.1916466805158764,-10.010985518571642,-4.390233385476943,
5895605576091259008,212.37651046856956,-55.66607602504948,12.227,1.6102219,1.3359497389704267,-9.980008683598747,-2.009578736115838,4945.007
5895592244512306944,211.86493619049128,-55.704530863457485,12.284129,1.6129103,0.6647966793359493,-5.740842334777686,-1.9037379761077806,4817.4263
5895604991975884032,212.239273198727,-55.65972216200668,12.319492,2.0113363,0.39370916692782876,-7.123259699825157,-3.0845675574264044,4741.7573
5895592622469384832,211.93512143155584,-55.746246498980625,12.345287,1.0132036,1.9856768668419924,-27.100672642048778,-9.57792156415501,6456.7397
5895600417796255744,212.23272278430684,-55.75725000804529,12.406019,1.2368603,1.8309361934675703,-26.260567307374878,-7.163035982770568,
5895580523507742080,211.9752226722738,-55.785951638331824,12.419984,1.833087,0.6205593220161117,-13.117190915548923,-2.791459017919326,
5895619865408161792,212.2486521766581,-55.519295726099074,12.42704,2.1337843,0.36547979293634636,-6.708860555366686,-2.4688187695822474,4523.148
5895617941262816768,212.07614715683397,-55.58761020504007,12.446562,1.7978716,0.42200946806746115,-9.558271599794871,-4.155575525408144,4752.3716
5895579943725359872,212.16624465900355,-55.77114051319212,12.458476,1.6884127,0.6043521261200017,4.676587297984396,-0.7127745658639597,5149.596
5895597462858749696,211.99988638912149,-55.59115721600282,12.484795,0.56109524,1.0569803255482908,-7.439562258750849,-4.341015864699658,
5895590870122698240,211.9435846149816,-55.78001378188683,12.567936,1.254509,,,,
5895580660946694656,212.0246155766004,-55.76963852278864,12.606426,1.0895815,1.1801668788153612,-5.2778260606924,-2.3741454451023234,6514.7227
5895575202081341568,212.16317972570292,-55.90109971057391,12.608364,0.89956474,1.6115031101867758,-21.93852899688455,-7.851535138015867,6354.467
5895600284691468544,212.29149048880384,-55.762917355127094,12.617598,1.0498333,1.9123857994452158,6.128120341059153,-7.327140175398069,6272.0986
5895577916500546688,211.98159464805065,-55.86836284434577,12.651751,1.0399361,2.2711942436740884,-19.386347520710025,-3.3153140505937992,6339.3486
5895603411427870720,212.18492223326692,-55.74719574961287,12.727876,1.3443947,2.516451975095365,-79.99064149040412,-18.152528933104882,5509.776
5895617327122441216,212.24154996044666,-55.56703326879252,12.730711,1.0849104,2.3083511760563047,0.45329510923453536,0.20435223737223013,6333.4907
5895593412743644032,212.05916485565933,-55.64852981842122,12.738391,1.9522419,0.272765371754641,-7.69917321673031,-1.8717261060014303,4620.5034
5895604231727653760,212.25301057869493,-55.677513574714425,12.756385,2.139657,0.3033919424531133,-7.751445596307044,-1.34593157061516,4897.711
5895601487282329216,212.40298131470394,-55.72867658324562,12.778386,1.2226849,1.404440565733054,-19.43020581859401,-7.772086132576025,6304.94
5895618765896536576,212.2804041814367,-55.565573202734896,12.779019,1.6333885,0.4725006080575179,-4.214763859332596,-3.427638870843734,
5895599215199068928,212.2615947529618,-55.83880774743243,12.810474,0.9591551,0.8928603832739361,-6.244052967193188,-0.8224693352931749,
5895601212404396288,212.42829227618492,-55.76369802220475,12.811369,0.67685604,0.6010087587157007,-7.820556495105267,-0.3492382122205254,
5895579771926622208,212.10311840269807,-55.80641109669176,12.836317,0.9746895,1.8568010928503282,-18.971776916302087,-4.060007777935488,6256.527
5895580768359075840,212.0287347348663,-55.7319250611682,12.855782,1.7271595,0.49934296587915017,-4.431963750203832,-1.0412509644658774,4967.582
5895580733999315712,212.01144203753722,-55.75731028715886,12.860128,2.0725088,0.3581796842319012,-4.538328907195196,-2.1232018787556135,4687.653
5895592794268297856,211.99551892804988,-55.71207346083534,12.862515,2.5722275,0.2630404079215472,0.30212446751907107,-5.206490258171358,
5895594340456625280,211.96141457470927,-55.63925884373732,12.885171,1.0412197,0.9633708574812785,-9.448798959911663,-6.301071043532524,6420.8374
5895596913103468288,211.91717987337904,-55.63419248157254,12.887373,2.0565414,0.311108015276695,-5.700581347372452,-3.080618627553107,4616.7026
5895600452156304768,212.25038803708782,-55.762952538318245,12.918969,1.6955881,0.7516037303514016,-9.397411059294644,-4.776072575531892,4870.563
5895606813041906048,212.3612859786697,-55.59281320102104,12.925039,1.7986383,0.5276265281515338,-1.0213341834283967,-1.5231623589263783,
5895593034786489856,212.0763460265335,-55.69889628697745,12.938287,2.1914654,0.3307551130438558,-7.946302426574969,-2.6439727814260685,4830.9517
5895579978085073536,212.09505005877986,-55.783611095630405,12.939577,1.195899,1.9066586515897355,-29.742610141827974,8.961477951063303,5610.444
5895601173705250048,212.47201603688652,-55.756174886888154,12.940229,1.8499432,0.4892583597020501,-7.320281836716362,-2.420490940053705,4650.6953
5895602105757660672,212.53257577369143,-55.67598653109877,12.994201,2.0281963,0.43966031685751794,-4.6438258540639294,-3.044928482843434,
5895617533280874368,212.2359636713101,-55.55767664991171,12.99625,1.0924826,1.782257831233713,-16.31709915780124,-8.354183162415932,6070.855
5895592897347513344,212.03234805358932,-55.72326917121492,13.072374,1.6164827,0.7631523988262496,-6.485964094146711,0.1559482142360708,
5895604236061631488,212.24784078820466,-55.68580604007553,13.095467,1.7911272,0.4813012457360793,-14.53273996788253,2.7280194281006764,5042.006
5895576851348898944,212.21225006663147,-55.79924219454077,13.105598,0.92796516,1.2817316979402682,-11.62320415667541,-3.111866671915198,6771.972
5895596848717308160,211.88235199176916,-55.64836260188239,13.106516,1.1545706,1.8917140369915093,-31.80055778357861,-13.168516838368296,5731.331
5895552077976070528,212.34107909888,-55.859421608883814,13.132223,0.63584995,0.8206923065157793,-2.3474551925226814,-3.6647622196218697,
5895576404676856320,212.16219434949235,-55.8717684753932,13.142831,1.8481445,0.3960548270815082,-8.15431909703041,-2.708012649604716,4567.5264
5895599593156188160,212.38321873182252,-55.78495654682825,13.160082,1.0316343,1.019942661944273,-18.460922935195025,-2.242571484520659,6393.96
5895579634487657984,212.05371775441458,-55.799914795783664,13.165852,1.6383686,0.47382562586977783,-5.761451393395766,0.031021248770882266,
5895580149883796608,212.16180315110623,-55.75731308273407,13.169129,1.0016689,1.0626418262303063,-8.978394247738976,-6.335347446947248,
5895617876878434688,212.10899916662592,-55.57382873114554,13.190622,2.709324,0.13719200596811035,-6.971341600680427,-3.862647181548228,
5895576370312485120,212.1103971302247,-55.845052752372524,13.20579,1.7688379,0.45916133767792305,-7.867856082340369,-1.8037861351983557,
5895580562200598656,211.99288045200183,-55.77498196919457,13.205927,2.0986853,0.3194584291323626,-6.628568319118287,-3.240667802979739,
5895581215035690752,212.08626734015283,-55.72327239099406,13.243437,1.7867985,0.5356847907051777,-14.353912218883568,-6.221503939835612,5070.235
5895605576091265792,212.37817175069958,-55.65880182999187,13.272998,0.9081726,0.8894025280901023,-17.202543808853022,-0.8091618673534902,
5895552455933237760,212.46319508469168,-55.80916643564045,13.274864,0.9390707,1.13266988189779,-1.5737414275855877,-1.3616621395457247,6729.945
5895604820177229952,212.13962136391672,-55.664413181479986,13.309469,1.1577463,0.6971740635890352,-4.486183996451246,-3.051283435219192,
5895606435084918528,212.39680612870475,-55.58274320246285,13.315213,1.14464,1.7578514665605298,-13.064616583473008,-21.353743287634234,6120.831
5895606675602946816,212.33084116185904,-55.6021565519847,13.316216,1.1132565,1.9156424474452076,10.557716306886569,7.235077263778274,6072.5146
5895601452922587008,212.44933362759704,-55.73132588640275,13.318262,1.4942122,1.7673192835393245,-1.1175021199789457,1.2251421255086656,
5895601384203117440,212.48810769759416,-55.71713254619361,13.3241005,1.8282337,0.444641715880165,-12.489293118692002,0.12580903649481706,4928.667
5895576713909903872,212.16101846927378,-55.828687114312366,13.3489895,2.0691195,0.2893751293079164,-5.311485950557356,-2.6438501442906426,
5895599219539766528,212.26120496729058,-55.83887336043204,13.35345,,1.011794182159393,-6.782896039583793,-1.107928296245256,
5895552490292957568,212.39057948846371,-55.83467332812353,13.361337,0.9910078,1.3323664032817022,0.7714055631413979,2.4543636553041024,6530.7544
5895599253899511296,212.28289193742603,-55.82330853778674,13.362071,1.74547,0.4411057452177989,-7.73473660716471,-4.019076617827727,5253.641
5895599253899510656,212.28524521769853,-55.826416793461824,13.364915,1.2063217,1.0529946861612847,-12.610674028762464,1.4777086558964723,6015.6963
5895604270421201280,212.26063334349612,-55.675748301789206,13.369571,1.8728743,0.3315486599983275,-11.893303629116016,-2.8603326942866194,
5895601109325248768,212.34709752003488,-55.69116365255769,13.369673,5.1351757,0.1258293701233833,-5.496740761404585,-1.5736252404238145,3889.985
5895599906734344448,212.37827585235974,-55.76005185006425,13.371791,1.1371622,0.7286302360177138,-7.643488472094041,-0.18879273375232508,6418.9907
5895593064812685312,212.0824426950035,-55.68404891831764,13.396366,2.093153,0.22928092612311585,-9.36851195251856,-2.7820879928018183,4769.444
5895594374816314368,211.97837663672937,-55.62638228612778,13.4057045,1.3705893,4.4565704442376655,-18.580552369979994,-26.827982400356696,4653.252
5895580287322675200,212.02762742614772,-55.8026360096816,13.40932,2.3441334,0.2210059662471875,-8.376317404760467,-3.4287823363822585,
5895554380078629504,212.51987863774357,-55.74155369288036,13.410508,1.0954838,0.6670999763352266,-9.081470221198389,-5.036707168780176,
5895621553370484352,212.09239301617592,-55.52343744409905,13.41933,1.8247538,0.29084663760132945,-5.4458194526733985,-1.3987444424555653,4480.3887
5895578706774552448,211.93532988973834,-55.833189431261054,13.427701,1.8851109,0.6061184885296395,-17.565107439504267,-4.590059379049852,4995.7837
5895616536848591104,212.12141900657124,-55.669484123963784,13.428932,4.213523,0.13310710161653969,-5.778452899921627,-2.52887626323709,
5895600525209858304,212.249558408506,-55.74494593873417,13.464817,2.4176044,0.22005494281379132,-8.283739483039486,-0.3568550582187003,5025.395
5895601040605757696,212.35424832241233,-55.704207200150435,13.470938,1.2516394,1.4060964658457349,-17.423821415824733,-7.420190097422029,6196.6226
5895596814357547776,211.85549633677053,-55.66754842662265,13.480665,2.69952,0.2124519586063166,-6.454377278366307,-1.9027640296185881,3739.5942
5895575648757972736,212.18464952583565,-55.876162494145596,13.490659,2.7593517,0.06409613769764333,-6.444379163582358,-0.8927985612982747,
5895596917436801152,211.92779300090655,-55.62959159705333,13.504314,3.2839384,0.0824334591145797,-6.059759812475905,-1.771554410354296,
5895578775494030848,211.96947562851364,-55.82638027543923,13.527454,2.0356474,0.41472045551465975,-5.938175776530963,-3.4798268139481765,4731.0107
5895603755025272832,212.21961811719038,-55.721229612575485,13.530661,1.7080956,0.35047921021314493,-3.6498981427811263,-0.7373527971663418,4845.2993
5895575167721590144,212.1375234419336,-55.906104771649034,13.530989,1.6464081,0.39762563288119984,-4.871295028679016,-3.832776499807933,
5895600250331722496,212.28235932351586,-55.77520980423347,13.541132,1.5858154,0.41225605353732053,-4.548407402023364,-1.6382641467162733,5455.4487
5895617155323918208,212.1861648520379,-55.61215123060324,13.54759,3.1714287,0.09506289226931562,-4.45785099853339,-1.91170992447731,
5895577675963797632,212.02090443338102,-55.86814187819087,13.5590515,1.2125301,1.4727827563800393,-10.477526848847376,-10.470657737490171,
5895604854536916864,212.17979888852162,-55.67535515380897,13.580512,1.3069754,1.4559154684578464,-19.766420792040083,-8.65471389794074,5570.063
5895593034786486272,212.0653751282376,-55.70042594252079,13.582452,2.0485563,0.2769897748961805,-10.845175279130991,-2.8117580291377573,4691.965
5895581146316200192,212.04106856579338,-55.7332410808748,13.589844,1.8330126,0.42016713974395076,-3.529838352781623,-4.967221004644328,
5895575854916519296,212.0903471846268,-55.90236892248467,13.60919,2.0397005,0.2521807175383161,-9.427417248560554,-1.371475258296411,4818.5347
5895616708647482880,212.17844197000497,-55.6264426259433,13.631487,1.1924095,2.102327354447475,-4.887938926464162,-14.170665613798747,5907.903
5895590801403214464,211.8807292974573,-55.797587651045085,13.64329,1.8591232,0.2775813177738873,-5.951134456639026,-2.32129264200569,
5895619148188587520,212.28753632739225,-55.5307428727601,13.651545,1.2067575,1.442719168620453,12.236101072858244,18.85075832980259,5820.3975
5895580974517527808,212.14079281650618,-55.72225785687817,13.653262,3.2882366,0.10388017490609606,-5.347716812071949,1.6809033903900465,
5895606984840611584,212.27546076587439,-55.58065918162856,13.661881,1.7864122,0.3555811013451027,-3.01950885842472,-1.9662386801322906,
5895593000426742272,212.0368911039436,-55.70036108245243,13.663934,2.1988144,0.2302771016979475,-8.509384051825633,0.8960014932087111,
5895576164154024448,212.0913334984834,-55.86781206977647,13.664356,2.019411,0.16726086458397726,-9.465188188112005,-2.0780564672760247,5046.791
5895580149883799424,212.1673521630192,-55.75320793846429,13.6664505,1.8186579,0.35934568049924853,-4.83237111551096,-3.193672358106197,5001.969
5895576679550149888,212.1403601768774,-55.8368046902452,13.678211,2.1036892,0.2602388588091554,-2.547752053674971,-1.4794579577796907,4560.168
5895605507371848704,212.26269476149227,-55.600623883274366,13.699205,2.0749226,0.2910716588266081,-7.776082237959759,-0.3778385945601118,4686.729
5895617155323919232,212.18210691251872,-55.6099717446507,13.705808,1.6922016,0.3320230559924137,-6.721190461021692,-2.1286430587693337,5033.7583
5895621175413353344,212.07332850225538,-55.52725783037159,13.707896,2.7462912,0.08140290871119771,-6.373868284857869,-1.856661699721746,
5895617086604440064,212.19965086382285,-55.617985360198524,13.713873,2.6322107,0.1752699356307582,-7.263186342137112,-2.890681700127155,3657.7483
5895599975453820032,212.37118656609476,-55.76196302691096,13.727319,1.3359947,2.2182017610612537,0.5210064082852917,-26.544962610351543,5076.7354
5895592519390388224,212.01818093417572,-55.728278936905085,13.742234,1.8596601,0.3849251565415288,-4.971666497267361,-3.149404280797528,4626.9077
5895607087919833344,212.36253523792485,-55.56275327045227,13.757627,1.0446072,0.6797248612513549,-0.5686000193855554,1.327536343769712,7230.154
5895592622469380608,211.9315241892997,-55.7519032998315,13.761261,1.1206026,0.8940335671796612,-14.883535401431882,-3.5425038868817085,
5895601074965498880,212.3205292298553,-55.70430482441493,13.7774725,1.3304005,0.7609891744349929,-9.650854506444121,-6.141179573187044,6158.798
5895606813041910144,212.37000598767008,-55.58713425274056,13.781419,1.80517,0.4039257540309436,-9.461409532673855,-2.9722239306899265,4787.1978
5895579428329173248,212.01666487837588,-55.840479949460274,13.789927,0.99938774,1.15781217738577,-7.643227080771781,-1.2255394717548407,6664.0146
5895601074965497984,212.33518676270248,-55.704025876355196,13.792209,1.7965488,0.3483320020229052,-3.565215461067197,-6.716821046354749,5214.088
5895604132982245760,212.32515792377433,-55.671612719338746,13.809117,1.0294209,0.39281259914044514,-5.750317813669564,-0.03872342137401329,7521.817
5895579050371945472,211.9468967405961,-55.80397723573997,13.814419,1.0992384,0.8931987540768226,-10.919016613003093,-8.644000381670956,
5895528472834369920,212.28810477659027,-55.89845462233025,13.822215,1.1255293,2.3467888370201315,-10.262064642054613,-7.684850152317019,5595.1445
5895604957616142848,212.17757457312885,-55.64701720815873,13.8309355,0.81365776,0.7824064703612322,-4.709533469752498,-3.2936308857042107,
5895603922489567104,212.2935242314242,-55.70030093141697,13.841588,1.0915728,0.7132530694679076,-5.259165664777713,1.036961646142048,6457.328
5895575957995574016,212.09575701904038,-55.8908908770785,13.876109,0.9675522,0.6532108843328456,-10.340524513434382,-1.9130603653360174,7016.798
5895581111961050240,212.08502360690824,-55.730006540572234,13.876444,1.2424917,0.46892210504139187,-4.682550531150964,-2.124204422137003,
5895617602000585728,212.21147224838498,-55.55087844096975,13.880821,1.8423414,0.354093419677853,-7.619671524250929,-2.8386733573635756,4677.129
5895577916500555264,211.98768348351578,-55.85574384315176,13.892221,0.9741688,1.0648499205456745,-5.26502646621427,-2.2690499833681037,6842.486
5895600868807031936,212.2992436104707,-55.74789440561274,13.894262,2.1800814,0.19287751729946484,-3.9035955785186145,-0.7147048767715192,4602.41
5895618357914831104,212.20623036052746,-55.547475967149055,13.898638,1.2112083,0.5473480369518783,-5.820164237123782,-1.2018157478475238,6742.004
5895599666216158464,212.42429061174838,-55.78556306498469,13.90367,1.7375803,-0.6654004730050357,-2.346982782543382,-3.4087484019612395,5408.4136
5895580798385971712,212.0705563684779,-55.76166224038692,13.91569,2.5966988,0.08828838972919775,-4.68341281724173,-2.9124529159060297,3889.889
5895590835762954880,211.91726461042973,-55.790503562072786,13.919031,1.1480904,1.5803583481429397,-3.219423235351624,-6.840990248598914,6249.397
5895596848717308672,211.8864488314129,-55.647529384026,13.936941,0.83293533,0.6595374838714646,-5.591157887521594,-3.0630947212965705,6867.9673
5895618289195334528,212.15344713490245,-55.54924254260826,13.940141,1.7518721,0.37103563298520853,-6.591590826964626,-4.110281047759275,5091.324
5895604442220032640,212.1638159478335,-55.715801413448546,13.946266,1.3316526,1.2090571890732777,-7.037764053591661,-4.958742844787118,5636.8647
5895618048677121920,212.0964476199652,-55.57403872378879,13.956246,1.0254326,0.6996993291017833,-1.43074097456482,-3.157623512696813,6688.7954
5895593618902032384,211.97393210306305,-55.67997420367088,13.971025,1.8129292,0.2849571661409376,-2.779510550400522,0.15781780110092858,5111.5835
5895618873310671104,212.307563436191,-55.55097370960712,13.977995,1.041338,0.4717247189098522,-4.874625341438168,-3.012806583818615,
5895617258402961664,212.25353602539695,-55.575498362612805,13.98042,0.7312088,0.6560010510005662,-7.959509573278088,-2.107147191996864,8279.0625
5895617808158950528,212.1226894635051,-55.58723923493696,13.987671,1.6822796,0.23365906056611996,1.297739373440953,0.025328592374142585,5040.2734
5895604717097943296,212.13838339834433,-55.69880079967297,13.995459,1.2001772,1.2148435008431704,-6.972676918725433,-3.302226485771084,5915.7407
5895604991975881984,212.24009691758351,-55.66587563162205,13.996976,1.1655102,1.5519587415371252,-17.08299175678566,-7.149326659187416,5996.003
5895617327122437376,212.23496592903845,-55.580192901231705,13.998301,1.7954636,0.31427143946358593,-8.380519219493149,-2.336638530661239,5022.254
5895600078533240448,212.27361294538753,-55.798490020207716,14.013666,1.1265059,1.0110743782821758,-16.57391457327115,-3.9864677259912558,6232.2427
5895621175413348736,212.07076120507506,-55.52993129504686,14.0252905,0.9178772,0.5346596595272689,-3.9637504313137795,-4.0389420930636,
5895619079469348736,212.22552360589302,-55.53875884490554,14.0287485,1.8352594,0.2843304178787374,-0.27052248977057636,-1.5978432161067793,4776.744
5895575923635832704,212.0794183393273,-55.889753637805065,14.029451,2.2952223,0.12100541185527057,-7.674316975929287,-2.8153625702388365,
5895603067830374016,212.4501943220081,-55.644466246846015,14.029456,1.9302607,0.28078669978893617,-5.541029597416738,-4.149958661581368,5188.3325
5895553967761741824,212.50225303955233,-55.78723483767205,14.032793,1.1554413,0.8126807941428383,-4.8257637263305035,-0.9336902279699428,
5895593550182369024,211.9104580736014,-55.694852532301354,14.032976,2.696144,0.11561940007808598,-6.2692066707619585,-1.752799441287134,
5895552077976067328,212.35245352929755,-55.860114390955445,14.039574,1.1448069,0.8563349286426768,-12.009341057844985,-6.95030189071751,6102.78
5895594374816320640,211.97714604465241,-55.618427676551136,14.040991,1.627492,0.2767409842014166,-12.003705723525915,-3.1714700969468237,4735.15
5895604923256396288,212.15698619153173,-55.66321310822134,14.0422945,1.8574438,0.2971586274156864,-3.252485401336723,-3.310472503629476,4765.471
5895600112892972032,212.22651650982874,-55.801828843822236,14.050523,1.6000204,0.5918706963389674,-19.39318850045668,2.3494726770435435,5535.9746
5895605679170492800,212.38898484427122,-55.64651877204384,14.055729,2.440113,0.20721132073698056,-6.181874531437578,-3.4098884496445625,4323.592
5895593756340816512,211.91442627479378,-55.67885700253847,14.067156,1.8159952,0.34082226527416754,-4.657860262489028,-1.5740086061302185,4761.656
5895579290890236416,212.08183567875793,-55.8454739025362,14.082679,2.1100035,0.1766927803539484,-3.2811929062204475,-2.456164854386404,4844.0254
5895605163774434432,212.30123818310773,-55.63555423881675,14.090638,2.2290907,0.0918368538159621,-5.442414107455592,-0.9750571884414878,4673.887
5895602346275820928,212.40162038281954,-55.69553244603604,14.091016,1.0883121,0.48078937188694015,-6.695892635250884,-1.4982032611495317,
5895606469444532096,212.42092857821478,-55.57364759953289,14.10124,1.2157793,1.0290027545452562,-2.234840952452873,-3.774499337295155,6315.3286
5895599563136942464,212.3519679733621,-55.79462434619099,14.108724,2.1606493,0.20028682525943342,-5.144668898989911,-3.7582486472816177,4541.795
5895528541553848064,212.28600506885857,-55.887218436324815,14.112577,3.5001965,0.08374550214641742,-6.0569533407903435,-3.196073042164195,
5895552559012442496,212.38935871259457,-55.8263141754524,14.129476,1.7160311,0.4352228954378362,-5.780583951471838,-3.4173928146328647,
5895603617586299776,212.16468735114273,-55.742326663732086,14.132712,1.584753,1.0019603567826725,-1.2034909502623696,-2.5640385794832365,4940.885
5895621003614606848,212.01850284761005,-55.56853970768967,14.146538,1.6574173,0.3935684594053067,-13.238784593057124,-3.016492513522418,5414.361
5895579875005887104,212.18403076252653,-55.77050595413981,14.152312,1.9328585,0.42215129515975425,-5.740930416114883,-6.283281189736279,4638.0264
5895601963984872960,212.4972514141943,-55.697424238920895,14.154733,1.7594566,0.5048441138700783,-8.496631855746518,-3.2470731810874316,5013.2295
5895616708647300864,212.17677463528992,-55.63394967680384,14.161329,1.4806032,2.7208471906700584,-14.668564043883839,-31.63131185098282,5373.922
5895603067830366848,212.45521906079657,-55.64989983990846,14.169812,2.2016144,0.14181795120739715,-7.304647282361891,0.10545520467117962,5171.839
5895602037038178688,212.48101985167122,-55.68623122596446,14.170602,5.08902,0.004172142372215058,-5.6058950185290835,-1.427063792654511,
5895619835383359232,212.23086162123977,-55.52694509712783,14.170732,1.2620182,0.4001685526042167,0.1138070644850194,-0.6262673329892875,6536.1343
5895575476959305600,212.26125042452458,-55.87840790811237,14.176677,1.108695,0.887614541616099,-7.692717756489074,-7.179268091692609,5783.3677
5895618151756360704,212.09024545792488,-55.54830157089511,14.177804,1.8792248,0.22485709578665009,-2.1574191229484363,-5.1413699450437385,4831.434
5895593790700554368,211.86971427175436,-55.68255699856382,14.178043,1.0773325,0.807279452872459,-19.256108123453195,-3.0867092009607986,
5895554208279974912,212.45007127063334,-55.7880395226034,14.187602,2.0773726,0.2176737032606765,-5.720842779370117,-1.608330722718855,5068.2393
5895607152305575168,212.33618674881643,-55.56080239812448,14.188791,1.165472,1.0744013553122094,-12.945113674659586,-4.4693296683891255,5799.5317
5895551734378651776,212.32307207658124,-55.889467377297024,14.196851,2.0222654,0.174347929749774,-8.218179614275911,-3.1587874093201576,4652.1484
5895605266853790208,212.2125527808996,-55.6512466241209,14.200719,2.242217,0.1473577860462015,-3.8096522143461655,-4.9031751464403275,5125.1016
5895607122279575040,212.31305807446918,-55.56113839750368,14.203771,2.0791788,0.25999827937097203,-7.691567206915064,0.44764853553437567,4852.444
5895580974517522304,212.13043762834945,-55.73786782693984,14.215603,1.9994068,0.21296372039740402,-5.17778431056851,-0.8356970018947552,4709.1484
5895605198134174208,212.25888274127902,-55.6375761789174,14.220385,1.9159336,0.21842849384244278,-4.9661967002403635,-1.5445481845823499,
5895618014317380608,212.06001924127284,-55.56640771624553,14.220399,1.7704039,0.2471575246105632,-7.926023237096394,-3.0872155646647026,4699.291
5895594370482842112,211.97385772287055,-55.62321950451492,14.226358,1.0331135,1.0458473564384645,-0.9429597283860685,-4.315400817886475,6527.274
5895592862987783296,211.99014664747574,-55.694871943617315,14.238338,1.2585554,0.43364900215266516,-8.711166184007935,-3.094811042454527,
5895599666216160000,212.4202517877082,-55.78192987366384,14.243096,2.0228262,0.21445516219135682,-5.383897249076965,-3.8354936561301307,4668.148
5895600284691467648,212.27687045997868,-55.76593471441172,14.247363,1.1377697,0.8297778267255358,-17.58440972860007,-8.057560692731785,6423.478
5895579703207153280,212.12639320175046,-55.80744268225156,14.248859,1.0135031,0.9619017525806138,-2.502696188871834,-1.2347096212900077,6406.7285
5895599838014853760,212.3303292233336,-55.78488712499568,14.252137,2.0353918,0.06457123981264022,-6.414429678089361,-2.7203108316791145,4818.3096
5895554276999401600,212.51212110005838,-55.76472807684156,14.252546,1.8384333,0.2836052866751083,-7.104513878165095,-0.3221458823931247,4804.5483
5895590938842195840,211.92925259812452,-55.757016716857486,14.259201,1.8661289,0.2761450113311974,-9.767629673370147,-2.376231624592786,4998.077
5895607225358787456,212.39990431067957,-55.55890940525561,14.263263,2.259056,0.20521768670950666,-4.279567866116264,-4.247499274586524,4719.9805
5895552696451423872,212.41476580824138,-55.79296441410375,14.263476,0.99865437,0.8386791136869747,-7.121317378084259,-2.853184673474565,6701.976
5895551700018906752,212.34931569513353,-55.891706060226696,14.266636,1.766758,0.3518191913673489,-8.698105895555468,-1.0163153780242067,4871.301
5895604751457693952,212.16029668426523,-55.684741392193345,14.279923,2.0156622,0.21477195177249592,-1.7422263612243292,-1.1020251936734142,5032.4487
5895605919688688128,212.35022032340655,-55.62050983171868,14.28078,1.8706551,0.3079294101462518,-10.34243339108298,-1.3760703316172356,5378.695
5895617086604431744,212.1950061533703,-55.62870571668634,14.289871,1.83669,0.2658704180745043,-6.735002054447797,-3.0273193803749106,
5895594065578651648,211.98728565388532,-55.65372189754256,14.290139,1.6938028,0.2765078186669852,-5.840127151899838,-0.9251023439938924,5082.7866
5895605266853789952,212.21132000197338,-55.65280754922888,14.290715,1.9815006,0.18430245105831033,-7.562884024261369,-2.7438950147514802,4698.2544
5895606984840603392,212.28260461245432,-55.592505814476134,14.293881,1.2474194,1.3172306252146366,-5.093829195016675,-7.42975627891677,5412.955
5895616536848589440,212.10884327000335,-55.68099017675683,14.298904,0.96658707,0.681744668871742,-5.2649698705834185,-2.2764101450965923,7936.41
5895602174477151104,212.53055380266844,-55.66250298860428,14.300001,2.7639723,0.05546064797233764,-6.207843899914308,-3.6639271631848525,
5895605644810757888,212.37534556837934,-55.642834084471616,14.301848,2.1664314,0.2247238708714507,-5.887018306842992,-1.018626777982459,4609.6445
5895579909365609728,212.13728209919168,-55.77886326308301,14.301951,1.1593103,0.7998474576978177,3.1276512006601185,-1.8546144801218865,6080.167
5895581043237004672,212.13298103148725,-55.718779712196124,14.303299,2.0599413,0.23198876228848503,-8.214896743866055,-3.3109672544328896,4547.276
5895594168657899264,212.06120177301327,-55.63289179069851,14.311663,1.8476324,0.1710287806777778,-3.6971941660594454,-2.0115751439852843,4661.8228
5895616914805723520,212.1065442950757,-55.625665413198334,14.314096,1.1652803,0.9337073942559005,-4.093044424078124,-3.2600925861395558,5963.841
5895579050371946112,211.9685839186828,-55.799204697791815,14.319671,1.0747881,0.8887305473325773,-6.537508776543179,-0.9222768507089687,
5895601074965505152,212.33096701147298,-55.697968282955614,14.3242855,2.8125076,0.05524679451335138,-4.985050130974292,-1.8387614115839095,
5895616983525221376,212.15173830107278,-55.6071229986834,14.326999,1.7161512,0.23190778877366588,-3.783867584813555,5.626325260643975,5124.3394
5895599700575900800,212.40243433644,-55.77812632701444,14.334096,1.9875183,0.16609221224012002,-8.438274568095832,-2.297643960609223,5462.4014
5895579771926618880,212.10771590316304,-55.810782317356015,14.3349,1.0244789,0.9591573929303285,-9.330810124945142,-5.5506204183940895,6332.722
5895593240944916864,212.01442671596234,-55.68288200791303,14.343456,1.0250721,0.5344841672094038,-4.398372779475127,-1.4857826716800502,7641.959
5895551837457876864,212.39296459972883,-55.8753859320198,14.348317,1.0778236,1.1401237776710451,-1.0711024564381173,-9.891406292987599,5821.801
5895577985220037376,211.97500502221698,-55.848528522583244,14.348646,1.7446718,0.27737572023436324,-10.178176681736094,-4.5699007045747635,5535.835
5895576164154014976,212.07791577207527,-55.87407882489037,14.352264,2.1436138,0.12880981774188435,-5.053918278898367,-2.0007814868964857,5125.3774
5895576026715086848,212.1411447851731,-55.87004876099852,14.356092,2.3300238,0.14992650757541393,-5.99375424156236,-1.299507659310057,
5895577950860295808,211.99617493052637,-55.85254544863946,14.358283,1.1087675,0.9611135113688898,-10.88935558174868,-13.95367160609109,6034.7124
5895617120953977984,212.20645937465338,-55.61877442285039,14.359101,1.1138487,0.986048318599308,-6.018195909166869,-1.914561913659506,5677.2744
5895575373880051584,212.19537566196007,-55.8937512052963,14.36222,1.0217676,1.0169338963639005,-3.323258764169811,-1.1151280168362168,5923.739
5895619113828847360,212.25195188773853,-55.537544648875325,14.362263,1.1414146,0.9445425468822967,-16.607327114793645,-6.0558618533894135,6012.619
5895616914805724288,212.09374539469738,-55.62032659264517,14.367759,0.59749603,0.3775141686961211,-4.081914272114714,0.544229535452507,9330.546
5895576713909905792,212.1576276925821,-55.82567493523803,14.373402,0.99050236,0.7597034629673167,-4.438845721729249,-1.6246886618523766,7057.2837
5895599322618987904,212.2698128596547,-55.81957004674759,14.378702,1.1971588,0.589632236991631,-3.6554217479231026,-3.2154341266577586,6433.331
5895592862987783168,211.9891962262162,-55.694684685074755,14.381652,1.2094698,1.0136274891343808,-10.34277019934311,-7.934875513034038,
5895603170909612160,212.47104443151977,-55.61839080231361,14.383333,2.534132,0.1175183162945219,-7.749269283142856,-2.8188052960912335,4680.959
5895604373500430336,212.2931261435467,-55.65910045405274,14.384151,1.256093,0.9612220323624019,-6.695286203000026,7.939303355809866,5986.5205
5895603205269350400,212.49831826087467,-55.61585216315271,14.396775,0.8918905,0.6039875624925907,-3.320733786499268,-1.7998807593301593,9413.432
5895594099938403968,211.99846071642125,-55.6383039696416,14.4009905,1.158021,1.146934038390637,-3.624897044922295,-10.619899666102302,5572.418
5895592588109868288,212.0025267863687,-55.71322579946768,14.410018,1.1914072,1.1919745313916263,-6.528669011102067,-3.9493098311046557,5922.2427
5895599322618991104,212.2756621632907,-55.8136759823089,14.422497,1.9581308,0.2470662233273335,-9.128719726133038,-2.1416311404676147,4564.872
5895575889276103296,212.11227450962411,-55.89025613209731,14.423777,1.0392895,1.0339042950050803,-5.4859354622399055,-3.4937788480203107,6180.6714
5895617120964191872,212.21133883678544,-55.60639514673303,14.425275,1.8999186,0.29602988048617507,-6.451131359855333,-4.0105452690948775,4592.3047
5895576851348889856,212.18761578401197,-55.80169002259069,14.429139,0.8246126,0.4916321443439579,-3.9467937698535445,-1.8674180651501233,9779.376
5895601384203117824,212.4942100140876,-55.71631994489164,14.438204,2.2001934,0.1913280261195748,-9.728548906516918,-1.9386442647608817,4758.6323
5895551936200084096,212.30292433652315,-55.89538938629871,14.441075,0.97424126,0.7078958472174524,-4.231222285562342,-2.4659157095185953,6819.344
5895591007561655296,211.8701814536017,-55.78080839931494,14.447068,1.0203085,0.832846719833718,-6.741583481942789,0.6294051682941262,6800.4424
5895579016012204416,211.94936386212103,-55.81346340818959,14.44712,2.2622538,0.16611869309456714,-3.560489270073398,-2.7452454686609324,4614.1055
5895597467192792192,212.00100694221933,-55.592611752247656,14.449961,1.0983877,0.3486446900042148,-2.595851878158067,-3.1396355469962645,6055.7993
5895591179360377600,211.88345019480568,-55.746569593632934,14.454531,1.1608772,1.2213831797047559,9.250437697763509,-4.0145140512523785,6026.3564
5895599593157274752,212.38231907915542,-55.7874887629175,14.457055,1.4679832,,,,
5895618254835585152,212.1393659278832,-55.55511078276278,14.461832,1.7629976,0.16287261162717992,-4.69783452191944,-0.5072478830912817,4965.499
5895594306096831488,211.9796201142385,-55.635812496026794,14.462514,1.7698364,0.29639101491117026,-6.3130727857867655,-5.195030972540971,4665.7144
5895600353411151872,212.23872469833134,-55.77395285050121,14.4639845,1.255703,1.5181457953422854,-16.815310176838878,1.4987772070967211,5574.364
5895580459121391104,212.02898145264172,-55.779932498382024,14.466867,1.3975039,0.6267796463250561,-3.258447754107659,-0.028687971258635744,6084.9224
5895600387770885120,212.21481178943614,-55.779919600719424,14.470625,1.6762648,3.3978620118536202,-33.38461023082903,-1.0035732472576273,4600.6343
5895604510939513472,212.15465579161648,-55.70364782989125,14.47758,1.4309874,0.5883534726715398,-5.716205124838736,-2.352012909331048,5801.939
5895577744701861248,212.0092010370759,-55.85698618100065,14.478881,2.092723,,,,
5895552077976060800,212.3434390780764,-55.86606772049043,14.481222,2.1863441,0.058400278059161356,-6.433551863343382,-1.2449651585704329,
5895576782629386624,212.13862367232187,-55.815717582109315,14.483008,1.8701534,0.2873260469863208,-4.6290335682910175,1.7712267061153697,
5895579325250003072,212.0961389612453,-55.82340277370393,14.483624,1.7684641,0.2013022970410723,-4.503717146245753,-2.0175501795549304,5050.8486
5895617292762908800,212.21291109005932,-55.58231246898395,14.486995,1.9144135,0.26321495143813645,-7.037319489611119,-2.7157304157238533,4629.4917
5895579016012205952,211.9345902911619,-55.806919997279095,14.487915,3.0127048,0.023657056771408634,-3.7921637384680174,-1.6439361448229226,
5895607289744538752,212.4014060337885,-55.55071327897813,14.494035,1.3118505,0.7366081055113354,-12.716205821445927,2.0440299843228447,
5895605404292617856,212.24044386482365,-55.62132067217424,14.512136,1.7421827,0.28139100567373126,-4.632589477041381,-4.309259784514936,5273.6665
5895593550182370816,211.91638352771682,-55.692207391607425,14.520126,1.8735857,0.3067601666207896,-6.066159337239617,-1.2039631632965395,4762.649
5895575339520323712,212.2249239271701,-55.89340633864262,14.525691,1.1087027,0.8322522819801093,-2.9815730405067495,0.22368087400389194,6381.017
5895617464561588608,212.1656972020998,-55.57786431574954,14.527756,1.2219257,0.45847777924752703,-13.871545306992108,-5.719209519978385,6265.766
5895597157954984192,211.89002570041526,-55.616698910189825,14.530316,1.7635393,0.06810517263208024,-8.798769103564842,-3.418686775689041,
5895603823744750720,212.20316570442776,-55.713024035796415,14.542904,1.8817129,0.2688543252597222,-4.2767574919862295,-3.876762007140081,4762.27
5895599838014853504,212.32601094464283,-55.785929090767,14.544766,1.1710501,1.0683818976665385,-24.057429407979832,-7.843038287041704,6144.4517
5895552181055301248,212.35438662484404,-55.84624858212611,14.544951,1.1654091,1.3727333271774051,-2.6152589676351194,-2.9743528109856663,5812.5747
5895580905798035200,212.0828589404905,-55.7415774215424,14.54513,1.2308292,1.4606364705920476,-10.060118734583092,-2.612225415145974,5776.714
5895602758592904448,212.41859061143956,-55.65468076120168,14.548375,1.1602125,1.0427515030542507,-2.078420797724776,-2.484082558112937,5977.5947
5895580386069076480,212.03630424805996,-55.78619065592327,14.550827,1.3338814,-0.093149140991132,-4.4825528917077655,-4.6572162932109435,6236.1304
5895552112335826048,212.36816301632626,-55.84402339258749,14.552026,1.8376484,0.43016894192282146,-8.266459983499098,-1.5345843609790097,4935.463
5895593653261590144,211.94703038392964,-55.686192660197605,14.560946,1.6127806,0.4168317927431114,-9.699435946582899,-4.052820497124731,5310.4175
5895618529713493632,212.10482399655854,-55.54210549617925,14.573151,1.2563591,1.037256884023262,-14.995031466688598,-14.431447444750036,5348.499
5895621175413473280,212.07871034403166,-55.52916934996525,14.575313,0.9868202,0.4883961295221365,-3.6801733984542353,-2.8127452100476935,7489.4917
5895574721044986880,212.03345399444936,-55.87739168827124,14.57625,1.7879477,0.29919841266558744,-14.005658469436078,-1.8374331710904646,5046.306
5895602792952438016,212.48306800573195,-55.669962312867085,14.578239,1.2373781,0.30324238412326854,-8.253221104166938,-3.6682730320659074,7317.749
5895604579659003008,212.19680188359183,-55.694899249246625,14.581432,2.0030508,0.2064607818376091,-7.608400116579386,-2.026722896925094,4675.6914
5895605301213537792,212.2343860266196,-55.63212364838725,14.582896,1.3010912,1.505108768768458,4.548309336355874,-6.621078999139803,5599.7725
5895576576470979584,212.23344824968896,-55.821358252608384,14.594028,1.5780172,0.6532040357646247,-7.153665262475972,-10.82706611691237,4893.846
5895617464561609344,212.18218261092258,-55.56336729588409,14.594402,2.525385,15.35019864480027,-149.04770586700238,7.878439713966667,
5895617876878432640,212.10692566254988,-55.57512618131365,14.598581,1.7283592,0.21070736602402873,-5.205281700351425,0.3860723414282444,4965.461
5895593515822615424,211.90413926638504,-55.71085850019727,14.61997,1.6757736,0.23634711332127656,-4.112415641358489,0.3071931403487554,5463.445
5895592656829140352,211.94440015487913,-55.72644178319639,14.621796,1.8632116,0.2490188392334819,-4.937180623066926,-2.1280657251992725,
5895605198134177024,212.25935267058523,-55.63427288500673,14.626563,1.8609047,0.16903038575202528,-2.4790776200950777,-2.4367311258186954,4834.4033
5895601418562840704,212.43106963447275,-55.74280987998511,14.6319275,1.2256899,1.2813381547537774,-4.645559904714597,-5.418302972531269,5913.059
5895574721044978816,212.03005625397904,-55.88693560906218,14.646109,1.3531685,0.7225409120390232,-8.960851249794482,-2.013186904963558,5622.8237
5895618529713504768,212.11088402828415,-55.53333704382346,14.657469,2.1426659,0.20316307365847028,-5.580442668251781,0.4541327779392872,4410.36
5895592347591457664,211.9594948411599,-55.76705644254964,14.661299,2.0657816,0.15391215961742494,-7.033928621826537,-2.458956038983297,5779.8447
5895593962499276544,211.93236468194837,-55.65127700132178,14.673372,1.9696093,0.22660755263556037,-3.0002864733167836,-1.2647178868301543,4437.6924
5895601590361552000,212.4731350512927,-55.71328457010258,14.675266,2.3234377,0.14233589412126016,-7.182647286533746,-2.416479342444657,4595.5024
5895528507194105728,212.24655630403777,-55.896298640443206,14.675643,1.8604851,0.2510753532037274,-5.247894300129443,0.05072428755960631,4584.4355
5895600971886268544,212.3161334099149,-55.72056212116946,14.685579,1.1784124,0.780173177371849,-9.316434682940843,-2.80467566183424,6776.718
5895553108768250496,212.49271771536704,-55.82406018870466,14.69125,1.6268864,0.48399171614664055,-2.8575059824801965,0.29991294219565,4834.695
5895618529713508992,212.11701987080122,-55.53063919766487,14.698957,1.8122826,0.22291313260769574,-6.506681284270838,-3.197041991890912,4667.864
5895603583226588288,212.25206327078178,-55.71712601008193,14.707153,1.7836065,0.2310558342724882,-6.7421483692955215,0.982389148357286,5365.22
5895575648757971968,212.17769594454748,-55.87426105852448,14.712895,1.8294125,0.24921658673093944,-3.4209759802467854,-2.802627230388805,4765.484
5895575683117733248,212.19659841177545,-55.858661518771555,14.713471,2.2023344,0.007346286422615151,-4.7239501183007855,-2.863302319931884,
5895554242639662720,212.48102656675363,-55.767980618433945,14.714249,1.2227192,0.47050444921263346,-3.2388851764485653,-1.3863582590369947,6353.016
5895599391338251264,212.3233403028895,-55.794714721947265,14.716693,2.3177805,0.10457919676968871,-5.252981224847661,-2.221086647719685,4602.2134
5895551803098129792,212.3672003626368,-55.88472704187751,14.716919,1.8321953,0.1559389259323257,-5.5687752167267295,-1.6257743583117379,4579.088
5895593928139537536,211.91461480365052,-55.65357040304701,14.717211,1.7931595,0.21644819443259763,-4.367456073037548,-3.0786643173397836,4736.1665
5895618014317376256,212.07014217635273,-55.57461990559422,14.718438,1.029336,0.6137782611003275,-8.063046229817209,-3.2597074380245976,
5895598944661856896,212.29554928377001,-55.864723439574675,14.722691,1.8157015,0.4083184601273194,-4.42227937425913,-3.14594145721405,4808.9893
5895593481462881536,211.9413231476852,-55.704696765877486,14.72595,2.1082535,0.17509609606282217,-5.337615305616328,-2.1410422048549123,4575.663
5895551837457891584,212.39196590543477,-55.86261490798974,14.726002,1.6573057,0.14202296663286348,-4.789259287382956,-1.6334184298575378,5552.1484
5895577744701861888,212.00863414706964,-55.855681117249674,14.730087,1.8880749,0.23474248501169992,-1.8493517364896066,-4.000268092943626,4886.4927
5895552112335812352,212.3732601409568,-55.8540056269144,14.740295,1.2030535,1.0675744172431885,-6.28609658502016,-4.177140789788613,5749.265
5895580287322666624,212.01413720308122,-55.80746096698356,14.743463,1.163559,0.8372402377784448,-11.029425489443828,-7.297767061098478,6379.6826
5895591969634375808,211.88494931280553,-55.72760712207926,14.743979,1.9097567,0.22918433610114683,-8.521104180957321,-2.4758638889830684,4726.644
5895591179360374656,211.87945895654485,-55.74986192478996,14.746,1.1714401,0.6858960034367315,-1.7509217726485047,-4.409843374012224,6323.1064
5895578775474852992,211.96732729624765,-55.82431107636336,14.748575,1.5453339,0.48239381598425146,-7.182985688451233,-6.640396295618684,5749.8486
5895617498921353600,212.21280915928554,-55.567515128254655,14.752282,1.8414459,0.11485205480476274,-4.721502010720388,-5.655288053518137,5334.8687
5895592244512295040,211.8705785097968,-55.71450084205696,14.752872,1.8632698,0.21379016762897138,-4.3066848905199855,-1.4757652976278777,4768.1587
5895575580038490624,212.19746847115337,-55.88618496718594,14.75995,1.4998846,0.8224619167515261,-6.373196687930912,-1.3123024928503464,4817.27
5895616777366779648,212.1658900753927,-55.627809817237626,14.769778,1.202179,0.770752776287907,-3.3571662950854773,1.959588263466665,6538.3306
5895605507371853312,212.2659852659074,-55.5941658163688,14.773768,1.3584871,1.8536411367114938,-20.697751618866135,-20.044632288244276,5408.9185
5895600078533236608,212.25257737438614,-55.8008952440519,14.782464,2.319952,0.2130926623019868,-5.160661244368837,-2.0069756427492322,
5895621175413351680,212.071308739428,-55.52779488344819,14.782466,1.1724749,0.7186391362227358,-11.979468284085499,-5.329586173361783,5829.681
5895554375741596800,212.52012586937548,-55.73973025705549,14.788764,1.5406628,0.8105580419374859,-4.815584777830539,-5.190291265345123,4917.205
5895593859420035072,211.92966473623918,-55.67422984499433,14.790695,1.1040831,0.7387219322375245,-7.198662256440525,-1.2889406124671878,6362.4116
5895593344024165632,212.06968128648444,-55.65465146072226,14.792865,0.85530853,0.6141586556086971,-4.6743693188335005,-2.38344331586483,
5895594099938391936,211.99619696158086,-55.65364772449403,14.793617,2.0872154,0.16354518396991508,-7.148238429794304,-2.5314453122623464,4633.954
5895593309664408320,212.04974298923563,-55.673052639371235,14.794805,1.6726913,0.3675064770507262,1.8466857976787052,0.3709819179384703,5395.3325
5895606091487380352,212.436664599782,-55.61274067560572,14.797621,2.2929325,0.17255321847646732,-7.910258639485585,-2.604317918780826,4583.8667
5895576129794258944,212.06795491809746,-55.88981170623009,14.800097,1.7595739,0.2650797205552165,-8.379487553812181,-3.979672542738027,5288.6787
5895580626587271936,211.9856190469333,-55.76980416697544,14.80023,1.8803902,0.3746880952085058,-7.234045324139235,-0.4939319737432388,5302.377
5895592897347516672,212.04287577879242,-55.720481838650144,14.804392,1.366787,0.5565627771648396,-8.347600179712183,-2.725241418426058,5589.6523
5895579153451242368,212.03862302056268,-55.871535523354524,14.816128,1.2465935,0.8340975319224956,-1.240461896179902,-3.852740874123568,5521.327
5895591179360379392,211.88618152986075,-55.74455689368508,14.8299465,2.1916628,0.07263490182544932,-9.21020982344453,-1.6004641436206577,
5895598944661856384,212.2735104402104,-55.86218425155698,14.830001,1.2619286,1.3592268929681286,-2.6222922664536092,-7.116877803624512,5056.1006
5895602861671930368,212.4524795483292,-55.6576681091163,14.831038,1.2935133,0.9909506314093701,-3.963402595787274,-1.6879698423060228,6087.2275
5895606160206860800,212.41684816801182,-55.60975665348849,14.831403,1.7603712,0.8468046338193452,-18.486486817655297,6.580935504660085,
5895591213720111488,211.90339621364473,-55.74901093366649,14.837859,2.364706,0.04274169381785948,-5.410675287147612,-2.502056260468235,
5895596986156282624,211.91421801792458,-55.625504764479054,14.83906,1.7441292,0.23799693352518403,-6.451468264443945,-2.6148481483035546,4750.864
5895599494417459840,212.3527079000506,-55.81440778926285,14.842314,1.2963295,0.6041364769615171,-5.549585999948881,-1.427818005636538,6316.792
5895552181055306240,212.36196509876402,-55.84146624674566,14.848875,1.8515015,0.20658776507043028,-4.841499771584409,-1.7556046136076982,5105.7246
5895552627731931008,212.43633721939426,-55.81004224984172,14.851999,2.1282864,0.12869070392662207,-3.6684763622680086,-1.3714204994847408,4812.9644
5895603067830370432,212.46599857224948,-55.64600765655816,14.859689,2.090373,0.1276313884255543,-7.969251889817181,-5.096407156171177,4857.9106
5895576679550161920,212.14697696100464,-55.82756968661133,14.861364,2.031045,0.20333666400235573,-7.729134267392292,-2.982228571140116,4617.9653
5895580596560178688,211.96545157347865,-55.776050526316055,14.862122,1.3376541,0.5446360639772034,-7.362589253339721,-1.3706085740112601,5512.326
5895579531408421248,212.0198702688646,-55.81021713582924,14.8687935,1.1899996,0.5284726030177199,-5.480395821491559,-2.9182738722607624,6953.934
5895605713530407040,212.412213306396,-55.63441030517729,14.869367,0.9861822,0.4473673761968708,-4.4020604999789645,-1.6752920674517822,
5895576713909896576,212.1567288312299,-55.83420929142549,14.872221,1.999937,0.11113689012228851,-4.216147758630055,-1.231515661861672,5173.912
5895576026715089280,212.14409994835825,-55.86812183545724,14.873526,1.3840132,0.6757233329779357,-4.980262765084254,-5.587102966453434,5328.1836
5895599180840402688,212.348327446739,-55.812361012966434,14.878847,1.934104,0.22310519884228855,-5.016180398389814,-0.6681038302945319,4789.532
5895528507194104832,212.2532455363357,-55.906161420477645,14.881567,1.2216768,1.5010442015778347,-6.673144629205676,-7.3432501306223665,5161.3696
5895606297645831040,212.4519905028952,-55.584657369615904,14.882739,1.0656347,0.5544640035474655,-4.183907975288554,-2.536221145257683,8112.3965
5895618220475855616,212.16338105038386,-55.555392201984155,14.884045,1.7183294,0.1904757132461516,-4.814855854182904,1.664466165242803,5582.026
5895605541731524352,212.35281224634258,-55.66543609449476,14.885911,1.9537516,0.21128849948569806,-6.573603924054539,-7.0102813503306,5645.0244
5895600078533239168,212.27303196560146,-55.80245136899528,14.886731,1.2553501,0.5778778106334754,-5.780759298884384,-4.389875018311411,6005.599
5895552696451415936,212.4089927919105,-55.801844042473235,14.887341,2.1197214,0.10470178068566971,-5.78074715324738,-3.119194516703007,4823.873
5895600284691465472,212.28247562342904,-55.76918202247884,14.889421,1.1740713,0.5962948006277423,-1.0956726870814206,-1.3418962574097852,6639.421
5895618735871711744,212.27063266499079,-55.5731344649625,14.89214,1.8608227,0.23058972869345212,-7.41291192733851,1.5352010612380746,5349.01
5895603239629089920,212.50734662299425,-55.61328822989087,14.896579,1.3033104,0.9436279368470322,-9.574591514094607,-6.102516937719706,6057.618
5895617430201831552,212.1564355664652,-55.593373482324225,14.912299,1.6541367,-0.1897930958664447,-3.458909526286263,-4.455852327886269,5304.756
5895617425881569664,212.1656997149378,-55.57862726276033,14.918667,1.7637234,0.31511280964279764,-6.384291666628549,-2.717928418001934,4638.991
5895579153451252480,212.0487173974234,-55.86472792203287,14.930033,1.1945238,1.2291702435787049,8.77305826302044,5.707818945524352,5762.666
5895575442599558912,212.24811395729304,-55.883553081046315,14.933813,1.72367,0.17929480285928778,-5.729817719323167,-2.1842927858483554,5345.117
5895576095434577024,212.13807707773307,-55.854750402943246,14.934082,1.1498365,0.7544707788553576,-3.782850201099249,2.84912526713224,6384.1567
5895575305160565888,212.21594350429282,-55.90858640066812,14.948129,1.185524,1.4359914015940303,-20.62781687152676,-4.416019966180898,5594.641
5895599700575903232,212.40325952404248,-55.77375093309106,14.949016,1.9055977,0.12775800189642658,-5.469864249017155,-1.9276567653590702,4763.1484
5895552696451425152,212.41803852446594,-55.791026494915386,14.951691,1.1007452,0.7211575564763993,-2.9694933961938297,-4.58773608486334,6578.8364
5895604167341963776,212.2540282710894,-55.69879040694579,14.952126,1.643549,0.8618109899257478,-9.908467507008238,-12.60505263894469,4818.513
5895604442220033408,212.15942359812317,-55.71333378113859,14.95227,1.124835,0.5633658858409298,0.0010883766975310905,-1.2752456467005175,7274.81
5895578775494136192,211.9768326431569,-55.83437991516759,14.952732,1.2266045,0.2784386297727116,-3.0481722651293435,-2.9599899880452782,6960.6562
5895600662648601472,212.310342138614,-55.74706620224791,14.955052,2.056799,0.2030045488356824,-4.556352535342754,-0.7627675468820663,4698.92
5895603926823786752,212.30263456973967,-55.703351897489775,14.957959,1.8843794,0.15412256133117413,-7.333599144195932,-2.9314326597235256,4926.765
5895619045109371008,212.27558160550973,-55.53320332225735,14.966477,1.3323965,0.34857422284622636,-3.7669881526637785,-2.707937982314835,6425.873
5895618357914836224,212.19605146832558,-55.53831937911607,14.968673,1.7343578,0.26187314829746117,-4.047487513501226,-1.2016759404932589,5144.9336
5895552284134512384,212.40800472804702,-55.84434995887717,14.971368,0.9295511,0.4126717689433813,-3.1589659518356763,-3.4701508235938383,7835.545
5895603651946049664,212.19756127455858,-55.72820362127715,14.972735,1.2592058,0.791126856404777,-0.7737907824037455,-0.36889873992376904,6041.388
5895579497048661120,212.00872698840848,-55.82710377051592,14.978764,1.7654696,0.284597158604658,-10.901114694871085,-1.5629803589963018,5128.485
5895618117396592896,212.07118572773933,-55.57361040264492,14.97922,1.2731638,1.034733925294264,-5.495616355670195,0.9127487264904621,5641.1426
5895577950860297600,212.00742729957585,-55.84830730970487,14.981217,2.2752457,0.07191146076140552,-6.4112481119327445,-1.8401604542971286,
5895575511319046656,212.23990490935319,-55.86911232048703,14.981335,2.0576048,0.09471565316810987,-7.234983709711016,-2.7307950727107606,4550.62
5895579016012202880,211.93007426382277,-55.82097239091732,14.984074,1.3688135,0.7228605529340298,-5.27863672171266,-1.7884559136650817,
5895606057127655936,212.3941752299257,-55.59713092617339,14.984381,2.0655622,0.28703835677624834,-9.020172170397002,-3.242055599419872,4825.2183
5895600215971987200,212.30372969587557,-55.76899986314075,14.985796,1.106885,0.7234532673285566,-6.131768939450983,-2.978046946214601,6510.4287
5895578741134286592,211.96585308373892,-55.839533319417335,14.986655,1.8538675,0.23268169924767798,-0.8583242162684106,0.9529641020286717,5540.827
5895552146695556352,212.32844014944874,-55.85294753043839,14.988389,1.9163189,0.19046570093402126,-8.755021546306574,-2.942994511186488,4980.3613
5895603892464033920,212.28543331995814,-55.71863608120147,14.993493,1.2822819,0.8926178089581824,-16.931274689634083,-2.9727595164793135,5505.6274
5895616983525215488,212.1439493983667,-55.61332867775078,14.99835,1.8913116,0.19068204010106057,-5.663763847900286,-3.5221836403223947,4683.65
5895580184243531392,212.11813513508116,-55.75043707400714,15.008029,1.2881241,0.9340770667195409,-23.191156211523108,-8.443369536607994,6049.526
5895554380078629632,212.50192442894624,-55.74278014297871,15.008994,1.299921,0.958588576827613,4.5968715571084235,5.372450486815309,6131.657
5895617705079704576,212.04645168015657,-55.61004691291184,15.013571,1.1600637,0.6885794555500685,-9.61604397193035,-3.9079755906774967,5899.716
5895619075134817152,212.23960715453552,-55.54138915109214,15.014271,1.3343792,1.0291539138291916,-3.6639468270758417,-4.309180393042233,5279.3003
5895619148188589312,212.28331627334103,-55.527421475387136,15.019312,1.817771,0.1904081588440141,-7.714626198470963,-2.908403410237281,4919.414
5895605198134177536,212.26752712464713,-55.633307453572066,15.024436,1.870595,0.16056886383056443,-7.262405934436545,-4.13196743826593,4726.543
5895579943707250304,212.1575027308111,-55.76965691203387,15.026225,1.9737587,0.21234428749321635,-6.099306679489627,-5.116708906087796,5028.157
5895552455933232512,212.4617417153518,-55.81433512411809,15.033506,1.5314903,0.6221979583210637,-2.793382498945165,0.7282386309538863,5063.2334
5895602724232982656,212.4103745755499,-55.65481397395076,15.037194,2.182457,0.05303574303227655,-5.776405807770564,0.6937082371109347,
5895605163774434304,212.3036966685529,-55.63539476242956,15.041021,1.1713419,0.8505170296667223,-6.258402142968359,-1.6628715291212577,6320.663
5895551626962478336,212.4733372365656,-55.840043816235664,15.041578,1.7271938,0.6125570969999063,-4.63444025664871,-0.09239777394257237,4762.8296
5895603789385015936,212.23383295681037,-55.71555176703433,15.049911,1.9619045,0.1589544616348206,-4.9233678813557855,-1.9743802788205769,4671.3066
5895606572523753856,212.43181159685443,-55.56352226378119,15.053948,1.381897,0.749268729038645,-9.33266513856157,-0.0507686208468172,5667.7954
5895593618902027008,211.97186562289667,-55.68912294758496,15.057102,1.375885,0.7074537390448905,-11.880686337700027,-7.814164996981631,5212.6396
5895575545678807296,212.25992810356007,-55.85434362188534,15.059344,1.8722754,0.23686480963765705,-9.17487277092874,-3.6884357235912173,4610.609
5895600662648593152,212.30302757667422,-55.75713609585724,15.059489,0.84908104,0.2342530305646053,-12.918960299070728,-0.8764109791512101,9039.767
5895601521642079360,212.42784319141776,-55.71414143097945,15.062416,1.9422436,0.21226639394218344,-3.031410308709857,-0.3432285839646653,4904.327
5895593721981062528,211.88136695353202,-55.69523305088805,15.064262,2.0532637,0.07864484006286603,-4.248888891580532,-2.1045699464468095,4459.5034
5895621072334113280,212.07416667978916,-55.55096064455934,15.067377,1.8028955,0.1872659418124552,-7.029353942251514,-2.9624845795024237,
5895576748269626240,212.13100923983734,-55.83455577269813,15.067516,1.1316814,0.5698013860689309,-7.344607443590487,-1.0125013531478166,6630.2856
5895602346275823232,212.419102552676,-55.69221283340778,15.068431,1.2566414,0.8219519469482999,-12.464229957780496,-5.397331538122435,6400.046
5895579703188811008,212.12375464956168,-55.818183217816674,15.068968,1.2796364,1.3517016326497333,-16.823471241252246,-9.72822008334149,5186.9287
5895575988016956672,212.12660917663686,-55.88752385694379,15.069797,2.8551788,0.006061841897498511,-4.9156990082646,-1.8976829476021506,
5895603136549862272,212.45299955318717,-55.63110138287745,15.081412,1.3239918,0.722578989220597,-8.794594457047383,-5.946643484191234,6651.9272
5895576267233252480,212.09773546075496,-55.85917407836871,15.084793,1.2267199,1.239887389131855,-38.72312680449707,-6.153827326843222,5669.479
5895576095434569600,212.12827275505967,-55.85913252669987,15.085842,1.816782,0.091429776750989,-7.989839917587268,-1.7524737876271947,5217.578
5895601379882776960,212.47783840132868,-55.71660063467833,15.093132,1.4068909,1.1619648027753253,-15.517623990014592,-5.785754459752424,5317.693
5895593687621513600,211.96772496876739,-55.67063884021093,15.096773,1.689825,0.20561684003237307,-7.832219144939636,-2.579830875940354,4969.7153
5895594237377380992,212.04157459055278,-55.61621087708928,15.102924,1.6115589,0.4693902160606389,-5.2275260651899575,-4.099104166070111,4880.876
5895594512255288448,212.01534388576786,-55.60679297729856,15.103639,2.1540785,0.12416889207361767,-6.261661399528907,-2.182876215011034,4567.7773
5895599734935648384,212.40915001027278,-55.76224416570298,15.104684,1.7066631,0.35672301131665984,-14.409478314072818,-7.241335989508263,5152.523
5895597604631739392,211.95032740388766,-55.58847745065147,15.112242,1.7408714,0.12142649390123096,-7.799892038765591,-0.9902444678270912,4822.4854
5895594065578647552,211.98215705398323,-55.657268295800236,15.115936,2.2214842,0.09901978213769308,-5.364890186723548,-1.3524952687261256,4635.0967
5895618838950933504,212.27371326212864,-55.552078674427214,15.118952,1.1616497,0.4208525679840668,-1.834477491189984,-1.3001806019070719,6641.6885
5895621244132795648,212.02265609221718,-55.54406300318942,15.119817,1.8049345,0.2243557179199442,-9.753658613723218,-0.4078453110879888,5251.3804
5895605541731516544,212.36880908630204,-55.67093327613084,15.120246,2.0796013,0.1571459924449914,-5.915754164274516,-0.8734138701814678,5379.5806
5895593344024166272,212.08219663997025,-55.65777572811456,15.123317,1.6574583,0.5142406314187967,-11.478623414729736,-3.553982003372088,4896.606
5895606469444531840,212.4269220160318,-55.57319682420866,15.124933,1.2975464,0.8811091641974517,-0.9011384400829658,-3.8344266578533808,6562.406
5895604098622499968,212.29389589612572,-55.68249160520569,15.125731,1.4010563,0.648587129138822,-7.209145722554242,-8.239470624040564,6158.487
5895575614398241792,212.20698945332762,-55.876534396233644,15.13109,1.8416729,0.24922359674810016,-4.142716380605458,-0.031556847921748246,5153.0376
5895594271737081472,211.96505898341837,-55.64642071781212,15.132873,1.2544317,1.2189016527626022,-14.775697357114838,-9.66470980553984,5202.9136
5895592416311162496,211.95165359349207,-55.75597902183685,15.135444,1.842185,0.22604806877927536,-8.285222873309232,-2.890519686349626,4901.0703
5895604854536920320,212.18028059498096,-55.67043795361567,15.138457,1.220624,0.7426460561947381,-4.1715319324377,2.188830376267522,6834.0127
5895600319051403264,212.21439709976576,-55.794908014400534,15.141124,1.9019966,0.18902969517117818,-6.033474506887202,-1.6895360261031653,4828.96
5895604510939512704,212.1501953274303,-55.70318968497772,15.150034,1.8254366,0.16777093292671966,-8.473239800610719,-3.0079527774749417,5151.584
5895578775494033664,211.9773195675765,-55.81933096579064,15.155078,1.405098,0.6511428408210796,-5.767606472299693,-3.2913634377752174,5612.255
5895597398473308416,211.95479326102105,-55.593559407676715,15.155452,1.8670969,0.14376453475941145,-5.493479449005492,-2.6844890160489596,5051.459
5895592622469391232,211.93356608523922,-55.74053121910046,15.15699,1.7568722,0.21801165939450762,-8.127004349655916,-4.761888515246511,5363.456
5895576198513741824,212.05443133288287,-55.87760128127393,15.15975,1.8288012,0.156491929954343,-7.600684526356824,1.8447015056446114,4874.878
5895593137865726336,212.0758049313215,-55.66878975432584,15.163188,1.8497887,0.22731968823828347,-7.745356256677422,-4.019096015837622,4870.512
5895605125080885504,212.26862402697057,-55.65426325341989,15.167428,2.2796907,0.03384534190065661,-5.914385427882686,-2.40768195990742,
5895607225358904832,212.41977785820487,-55.56293472510755,15.167429,1.2490015,0.8307989727191175,4.485306756508273,0.4147742534292297,6659.374
5895581318114913152,212.099747513389,-55.69558045794036,15.169047,1.7985592,0.3933511887057351,-11.289930227066302,-1.7870667653642474,4925.7104
5895528404114889088,212.23577321994088,-55.90468927036057,15.175061,2.4046574,0.045598733529273267,-3.6628890713639635,-1.2765308214655449,4618.125
5895596814361064704,211.8601041946838,-55.66615135145474,15.176476,1.7259951,0.1811045009786478,-7.796959476057572,-3.307086641421183,4851.03
5895602552434270080,212.39233702934936,-55.67679296940444,15.17697,1.4466486,0.8298188443593761,0.5067304371213108,-3.8052109226109927,
5895553864682506112,212.49687788833907,-55.81087864766194,15.1864395,1.9543009,0.21613160102002169,-3.883400290986133,-2.993942217688212,4570.2104
5895528434139030656,212.27876544230014,-55.905629765092925,15.18763,1.8017416,0.2976964193320645,-3.1830259958419456,-1.4365378038722365,5037.4824
5895600868807038464,212.30973837827443,-55.73677078995276,15.191289,1.2107944,0.644588136832716,0.6343299252269017,-2.596224756720483,6801.5215
5895617052244703232,212.14626309450554,-55.59804728248589,15.193763,1.7157612,0.1497374777260982,-8.582278101039522,-1.3243170101892436,5440.617
5895581111956472576,212.08748770574974,-55.728044920853684,15.195554,1.38274,1.3358390632454658,-9.704236822815712,-5.946285108891212,5065.822
5895605438652367232,212.26648370614421,-55.60641571398409,15.196814,2.3218193,0.09571795888573596,-6.146397662671414,-2.445665880451851,
5895606469444534144,212.4139808238962,-55.570932170773034,15.203468,1.9753218,0.2342800626962122,-9.993253331196234,-2.3840624792524503,4974.566
5895603892464025728,212.2743114320981,-55.72803704370368,15.204745,1.2734413,1.2253661568153789,-11.963967777756947,-8.221302027424423,5790.6143
5895617254068618496,212.2527205471234,-55.592195497430644,15.208447,1.2334099,0.6335639671649059,-0.6751556718257516,0.5185935160387596,6005.5825
5895616532514009216,212.1116425703812,-55.66893035975699,15.209384,1.7350731,0.18598318145931453,-8.392638500588717,-1.334770728737966,5120.4136
5895599971119971584,212.3704256763962,-55.75400139741342,15.214268,1.8941183,0.16102964973815903,-7.694385953571933,-2.5951403947391567,4828.011
5895618048677120384,212.08235917081018,-55.57096028537395,15.217868,1.6844769,0.3114010874266801,-3.7850052772847684,3.7384843462481188,4899.386
5895618903336126592,212.33922206630672,-55.53550829296476,15.22018,1.9437218,0.2310928098948942,-4.268807040355025,-3.5934375055947,4632.5093
5895575683117718656,212.18860156382405,-55.870439666142445,15.220325,1.6622238,0.21172494907423692,-7.459974638004176,-4.963792185794306,5385.4253
5895599975453826176,212.38114631717949,-55.75043975674465,15.222267,2.0904417,0.1310261876909524,-6.614553979522057,-0.5221958507805708,4637.0386
5895616605568067328,212.0877974134933,-55.65908644809272,15.22634,1.6682835,0.31849808612629066,0.6579678459169168,-0.5211867082841215,4942.4854
5895617327122439552,212.23797094910887,-55.57308761646,15.230805,1.3511152,1.1030233500017113,-21.591496164366752,-9.386836000854945,5568.3296
5895616811726501376,212.10207184510307,-55.64755323003785,15.231575,1.2946291,1.1220482578690465,-16.204343455487546,-5.016343058435892,5272.4795
5895575545678800896,212.2657703068506,-55.862233023937875,15.231918,1.2774906,1.8134838055088334,4.312967996246146,-3.036738871614806,5349.265
5895597364113422592,211.94111753314368,-55.60456338766078,15.233111,1.3637686,0.5571487714826104,-7.334427084577915,-5.200036664085553,5255.88
5895617911238136448,212.04383270374453,-55.604643069117216,15.234743,1.7517986,0.16835452205513707,-8.932461895196624,-4.4372755423338015,4844.733
5895596779997820416,211.89458297361472,-55.6561911567297,15.235956,1.5360231,0.44614630705776875,-6.560812419370767,-1.4553315638142919,4942.602
5895596848717315328,211.87329118467977,-55.641554189357535,15.238099,1.742177,0.20378908457984604,-6.829255548099141,-2.5329306104003666,4802.1934
5895592691188873856,211.91573454004995,-55.73387607593951,15.240271,2.5023785,0.02506693945802683,-5.3752885715368794,-2.127316668350996,4704.309
5895600353413201024,212.24177326232038,-55.77127157100911,15.243268,1.400403,0.557021492100207,-0.6474265614020407,-1.9032549423269725,5679.9307
5895618186116083072,212.13914562556943,-55.58014157202325,15.243728,1.1011248,0.5870471845504626,-6.236144885536814,-2.837202408724267,6448.9536
5895576713909910912,212.15909363835874,-55.82142686852765,15.2488,2.094777,0.07683025653570548,-6.8154857237328414,0.6282965436328514,5143.2812
5895617906903645440,212.0392131604453,-55.60309311018955,15.249064,1.1440773,0.8583017014773352,-13.325061950896906,-4.310162969744188,5467.4443
5895617528946577152,212.22967224687116,-55.55352966363941,15.255133,1.8124418,0.1796213252037871,-4.13322606994207,-1.1022482873637667,5329.5674
5895575786196974208,212.22406504381064,-55.84351568188326,15.260666,1.8599291,0.12196828601230403,-9.853657015202348,-2.6211745586999715,5354.542
5895593344024165376,212.07626986330547,-55.65719657770659,15.265571,1.2159462,1.221512309590813,-12.942149880670936,0.07176060573672138,5763.989
5895600044173489664,212.23791139505008,-55.82157871595402,15.270145,1.726655,0.4188418931728237,-16.296181593771475,-1.9869910372842856,4811.9575
5895602071397932544,212.51058165243336,-55.66724178310638,15.270424,2.140561,0.10939446785367456,-4.994415903047352,-2.0189461261475783,
5895554380078631168,212.51313283333033,-55.73971550944011,15.274209,1.9536276,0.16247509020249729,-6.706978852682601,-6.118988168554691,4944.358
5895619010749630464,212.24872019485505,-55.54104124863045,15.280289,1.9936686,0.22658184645628454,-5.431904412772795,-2.237267436565272,4664.9307
5895580527840696704,211.97423707536456,-55.796163894612555,15.284967,1.887085,0.1759609789052918,-6.718480590110554,-3.7157685342836686,4977.3413
5895575889276092160,212.10867986117893,-55.901738802629005,15.284987,1.7002449,0.13925359668592302,-3.8488684651508525,-3.068302183410137,5292.4775
5895618804591189248,212.25421322326983,-55.57177427042127,15.289867,1.8292742,0.15294210873335004,-7.183047402614795,-1.566910056649296,4886.887
5895600422130715776,212.23496880513372,-55.76407891278146,15.291311,1.5724201,0.6021850438485514,-12.883379433625208,-7.728993515867655,4947.8394
5895592450670686720,211.95933685020924,-55.752198305731255,15.292951,1.3470926,0.8072984539502257,-7.245077849867424,-2.5972887442402284,5351.2124
5895606297645828864,212.46653761049728,-55.58471419354453,15.294533,1.9125261,0.4120929826399563,-6.924527426299714,1.8662713058509435,5123.954
5895576473391720448,212.16361606951003,-55.84420705383479,15.295967,1.8986998,0.31453586849197834,-6.335762804384262,-3.691821268869214,4728.269
5895617842518680960,212.0918366998157,-55.586945599512866,15.297378,1.6652308,0.4121359731109668,-5.662209626734552,-1.629260088293627,4606.2676
5895597432833049472,211.98091575755384,-55.59566507623507,15.29787,1.7440634,0.20696331660054804,-6.1853160078103615,-2.515942772818012,4857.54
5895593928139536128,211.92010846796148,-55.653945789855285,15.305878,1.4285994,1.3225654852706232,-12.915837110811477,-8.296896003222626,
5895605988408170752,212.39339706852476,-55.60758142599667,15.306032,1.928649,0.2002939598534926,-4.599025077034415,0.6938725075347867,
5895593447103134464,211.9214708050277,-55.71417661326411,15.30829,1.3165598,0.7713838978370068,-7.736743350053779,-3.8534773666737916,5529.3716
5895593515822618112,211.90048816103717,-55.7091627509726,15.312864,1.2349596,0.488210014033049,-7.287375161054007,-0.9454596313122643,5902.761
5895576782629401728,212.15131953240515,-55.80542029414412,15.314086,1.4801464,0.4791084784884641,13.090925400063455,-9.339427706202079,5746.1694
5895605060695358592,212.21989908643621,-55.65982894731363,15.31524,1.329052,0.648036891036533,-6.088100733021306,-5.377581785190092,5507.6587
5895580935824964352,212.12363528194257,-55.73331125613702,15.316453,1.2547474,0.7021428899570066,-12.774682616865103,2.75356130295233,5503.938
5895599975453824128,212.3579096640696,-55.7543721214157,15.319444,1.3775568,0.43051792441117387,-5.673853952745686,-1.945702628916355,6148.6055
5895601040605756800,212.35933758602877,-55.70450050531928,15.324458,1.6565857,0.5249415918963435,-14.773043858256651,-8.41191796889002,5120.6978
5895604098622504064,212.30074638731418,-55.67829323726197,15.327726,2.312479,0.08504813360493854,-7.558784301050489,-2.4256423982279953,
5895601452922828544,212.4358887199696,-55.733930500145085,15.330533,2.2144089,4.830901996765314,-38.604490444161364,-38.937085581967416,
5895528541553847936,212.28630561426374,-55.88795526064665,15.336204,1.4884243,1.3936048438084534,-1.8248739097017754,-10.832797370094214,
5895579943725366784,212.17456503866399,-55.75995089038918,15.338381,1.2990732,0.44577788324701634,-5.098408075621331,-2.260275458753687,6611.5376
5895618529713501824,212.10849093696817,-55.53616028428112,15.346674,1.277214,0.9187875457092087,-8.688231006681173,-2.600068104321798,5259.667
5895602483714804736,212.446491948052,-55.66105719046622,15.351814,1.9570484,0.20836431953975715,-2.9181204684436537,-3.4868515246672964,4931.346
5895593653261590400,211.93909311943213,-55.68663528184916,15.352518,1.8852978,0.1934022931420832,-5.719819147356023,-2.1681388572150317,4579.6816
5895600937526524928,212.29140491829864,-55.727609242573635,15.358343,1.3335638,0.855888837539781,-3.322138294792942,-1.3802809760544725,6002.145
5895605198134175488,212.2628987855719,-55.636359512215,15.359652,1.1878319,0.5441739768123109,-5.1769857764326375,-1.2467310967604026,6844.0483
5895617670719969664,212.08876204562966,-55.614697847174355,15.360651,1.2443848,0.9302824586717636,-10.49900503052669,-5.67203030951628,5671.0786
5895599460057729408,212.31324347141305,-55.791597142692886,15.361839,1.2671824,0.9807485346551553,-8.173498634768398,-3.5340767865990848,5297.53
5895618254835571584,212.1280769152514,-55.56433781272153,15.361968,1.762249,0.2733323941324371,-11.986057202151919,4.081768888015587,5166.5947
5895579737566904576,212.14958614919232,-55.80150321679319,15.364943,1.8855295,0.10599587177712143,-11.035229186281079,-3.953790334587109,5320.771
5895602999110902272,212.50081385900543,-55.63391365725839,15.368394,1.9659977,0.19447663757201553,-7.819688425442796,-2.8742492519402525,5333.7266
5895580527840699264,211.9754558496468,-55.78765644062695,15.368465,1.8980389,0.30009134319674824,-8.477953568173668,-0.47370790323079015,5124.992
5895605850955538048,212.3576367942453,-55.637111737007395,15.370114,1.5108681,0.5734602880806543,-4.033419861549087,-4.457972416799894,
5895579462688942336,212.03851682193954,-55.81778934631282,15.371258,0.94835854,0.3555018818922413,-4.997926444498592,-2.654174183558843,8579.381
5895602414995303808,212.4658610178635,-55.68444731721326,15.375078,1.4595537,0.8224026513147066,-1.4549983679613858,-0.16500215228978246,6066.6436
5895607259718525952,212.38361746377078,-55.5602739520162,15.376351,1.2914143,0.8719219452345884,-11.149047595615047,-6.288870412359957,6034.2886
5895606400725051520,212.4274174064502,-55.579906774806894,15.381631,2.0132933,0.3021848929024057,-4.9458072772249055,-0.24951964280557032,4700.4185
5895551803098134528,212.37733631776288,-55.879911018475305,15.38483,1.0632048,0.7758655501391445,-7.786080211955395,-4.077795356858781,5600.8667
5895581146316199296,212.03919951351259,-55.73354023916649,15.388849,1.7807322,0.15045250441806493,-6.75347986467552,-0.25360836542939663,5583.935
5895618323555089920,212.1837962546157,-55.54292063893226,15.389767,2.0092459,0.16314846542936506,-5.820568308189689,-2.2583047744544094,4652.041
5895575442599557760,212.24428212262,-55.882773758904555,15.391313,1.153595,0.5668765818244812,-7.435594577088297,-3.816256808480091,5738.777
5895605232496022912,212.28768871526876,-55.621964829532274,15.392007,1.3347921,0.7621254540826508,3.3292168513851084,-7.454315241639197,
5895597398473304576,211.94792172481823,-55.59699107377077,15.392131,1.1634092,0.6359343126155156,2.513547657320391,1.4087817627144346,6019.7266
5895600628288857984,212.34309083283318,-55.75082787119796,15.402316,1.9321022,0.290660076519563,-5.689645187049535,-1.1369130467612434,4654.504
5895602311916076800,212.3943114540333,-55.70111200606603,15.407431,1.45222,0.9560527647942298,-5.759953846594342,-5.18504189108939,5747.056
5895592588109867136,212.01419568748017,-55.71977990556424,15.408197,1.9301491,0.18445416896138447,-6.7623195813456665,-2.519715342584939,4715.243
5895576679550146944,212.14778683389193,-55.84238615681912,15.411858,1.8831768,0.15005756173892137,-5.526117128836721,-2.0168476469198606,4847.928
5895616536848590848,212.11971819463182,-55.669344183325514,15.415183,1.357008,0.508897654852225,-7.542869248944013,-5.693815771272683,5651.9272
5895577916500553856,211.98362967732288,-55.857601642066605,15.416087,1.2113419,1.0057646147650854,-16.475216490378955,-8.980493234921221,5844.7134
5895607156639316096,212.34905726880848,-55.55061115227822,15.421497,1.9720154,0.17664325904415962,-2.7909735882610525,0.22674731135343926,5227.742
5895579943725366144,212.16774321179267,-55.759964599249685,15.422341,2.1023197,0.18173118831606636,-6.917069099776364,-2.756077777326762,4579.807
5895602243196585216,212.3858356701768,-55.71742222094098,15.427412,1.8405046,0.2222054978919722,-3.049400236132974,-0.7948397910537072,5110.719
5895605679170497152,212.3910231644926,-55.640333523188374,15.428522,2.3774118,0.04606972646865337,-4.216528836319369,-2.475994963395536,4587.0034
5895605163774433280,212.29481481270463,-55.63679766752664,15.42928,1.0924177,0.4796040183196604,-2.6009353484126767,-1.7963916200452967,7133.92
5895528541553849088,212.27820564258337,-55.877836052198994,15.430885,1.8169823,0.1278118454112699,-6.574985078308883,-3.361691038661656,4962.248
5895602380635551744,212.44416645694042,-55.69915157686287,15.432983,1.878664,0.16315898954608954,-6.2253349106809655,-1.939729230398712,4871.143
5895580630919917824,211.97325073264182,-55.76504533415387,15.436057,1.6939621,0.3878378271763697,-5.031160525842617,-0.04560265641598951,4971.175
5895618873310671232,212.30798415024782,-55.550187277572974,15.439602,1.3191433,0.7486895752327251,-16.762978891161573,0.7419978361712127,5682.722
5895591110640883072,211.90197704227603,-55.76493219613048,15.440506,1.8718615,0.2543379961208787,-6.843872449188881,-1.569319218260567,5213.55
5895618186116090496,212.14497546243672,-55.57458093853896,15.441584,1.7478695,0.16723147908772004,-7.353241212404123,-2.9932568336200998,5485.977
5895579222170738304,212.02208834969701,-55.845988793631754,15.442868,1.7023621,0.09866042638897471,-9.79766788641664,0.7509237698060934,5597.8174
5895581008877261312,212.1169867518244,-55.73221719683987,15.445222,1.062973,0.5252816617117938,-2.9319580474930773,-2.6389568169930158,7427.5986
5895552077976059008,212.352333846909,-55.866998580143104,15.449188,1.7972536,0.1479300657453495,-5.837718556630072,-1.5497888846268182,4855.9907
5895605095054958464,212.25062963379952,-55.63865607300298,15.449423,1.1724148,0.20529071790488426,-7.196179602174085,-2.2194931884425806,7661.3276
5895600387770886912,212.2071601325934,-55.772678234719656,15.452649,1.758461,0.3421349541508215,-1.7237296514339893,-2.3742512607599204,5081.4224
5895551631299493760,212.48392760276855,-55.82964460491655,15.452977,1.2491503,1.2335526919163586,-7.095862093369485,-6.2887199317277025,5342.4097
5895590938842182400,211.9287353216615,-55.77103990862942,15.45364,1.7987804,0.1514006234600791,-4.727708904396108,-1.43319580528988,5298.3647
5895616983525214080,212.13947390251548,-55.613060911041075,15.453675,1.2438545,0.7430851638983815,1.889810063573212,-1.3693619155513006,
5895617876878434944,212.10616344577073,-55.57253221440532,15.459087,1.3629961,1.189947956415863,-12.972539680528236,-6.257020732033026,
5895554242639666816,212.46290168021486,-55.76506111754187,15.460326,3.2202425,8.100725389384666,-25.762434230462294,-22.420991109599854,
5895617258402960000,212.24997614717998,-55.58382081194146,15.4640875,1.3073053,0.5841751767642057,5.84586389737303,14.441831850663327,6003.0576
5895580527840695808,211.97393080489567,-55.799565817396385,15.468225,2.4105473,0.0755303552936411,-5.516061327696876,-1.3950913897484811,4645.4263
5895604888896662400,212.19059330926447,-55.65887970804688,15.469558,1.193407,0.35685187726593576,-4.995115892657302,0.4798161105992304,7172.404
5895528472834369024,212.28526434589108,-55.90142064206773,15.469734,2.1426878,0.11428302428067255,-5.191782134524267,-1.3123388487599557,4738.9834
5895617636360228480,212.08094649084873,-55.618987566500834,15.47534,1.6996632,0.12882915247521654,-1.5705231823434809,-2.777172687748082,5381.0103
5895580527840698880,211.97184007665075,-55.789715397412564,15.475657,1.4117279,0.8106760623979544,-0.2885931117792152,3.0059910816704014,5363.2324
5895606984840606720,212.27448810500528,-55.58730903679129,15.477012,1.762907,0.3479231071144086,-11.737181548982369,-4.347269115174969,4962.2617
5895575957995574656,212.08289784859164,-55.885289596570956,15.480641,1.2304392,0.4371465739527137,-1.718611075354345,-2.5830168227202357,5879.731
5895592794268300288,211.98722277120802,-55.70413041715375,15.487251,1.3233938,0.47218226928082707,-1.4759733490897178,0.17046947059437473,6993.209
5895596913103458560,211.923325638593,-55.64110640945349,15.48913,1.3872547,1.4822184556344413,-6.297350787327806,-3.287494806695469,4871.087
5895554758035754752,212.5274868856662,-55.73364425321328,15.490137,1.4076662,0.6437439193425029,-5.989182623325923,-2.523673227403955,5524.4927
5895553933401996032,212.47815155297135,-55.796751030621515,15.490192,1.29494,0.9158227051830424,-9.404031607193895,-8.610478421260803,5839.255
5895600112892973440,212.23514133525262,-55.800596044031735,15.494206,1.7417269,0.12058640477592944,-7.63501167706441,-2.7143334068817393,5273.9414
5895590732683736192,211.89039406113008,-55.79860419597338,15.494525,1.0934086,0.42083185463106343,-8.398374934173141,-6.074904628534179,7422.4053
5895603411427865216,212.1844633541253,-55.75971458716955,15.495533,1.9194221,0.1404355737216345,-6.295381917419542,-0.37319191054214695,5080.276
5895600490849900672,212.27300314880856,-55.7602235072171,15.501061,1.725277,0.1556218463668168,-6.744551227240488,-1.754248761386385,5094.0693
5895604918922457472,212.15094662078243,-55.65684448720751,15.5066,1.9044075,0.12696156939439873,-4.73219302246911,-1.7087406393548554,4895.4365
5895600181612236416,212.2859070235954,-55.790499478153166,15.510517,1.7909555,0.1385902442652407,-6.809697399838064,-1.9198239676610116,5562.8174
5895592313231793664,211.8686910126817,-55.69250709173504,15.511201,1.7780228,0.1961629007048813,-6.174374078262441,-2.560619466013907,4826.898
5895599833675449216,212.33664357459966,-55.775413586263504,15.511418,1.7787638,0.03528284613886536,-7.635331660069652,-1.3140821928732032,5306.4043
5895599391338248064,212.33541738206475,-55.80330508110751,15.512046,1.9091558,0.12111032727483892,-7.744321965242074,-1.3080191265933827,5123.0537
5895575648757984000,212.18246429351026,-55.86537368777972,15.51208,1.1410952,0.6877755347591069,-8.583860370480977,-1.7701452895612102,6079.476
5895578844213508096,211.96615715071627,-55.82404310735178,15.513531,2.1741276,0.1099149175846068,-6.149107604848792,-2.7999343741257325,
5895617773799197312,212.10064980252497,-55.59940851673415,15.516641,1.7743158,0.137832482707463,-4.558325113622776,-2.0519132489489826,4907.7207
5895575957995581184,212.09586662219627,-55.88379025814272,15.517917,1.2172699,0.7103026127379345,6.176999167056009,3.5206045591728823,6004.3267
5895575442599550464,212.2480190825949,-55.889895089706656,15.51868,1.2736645,0.4915339925361851,-2.295515164884006,-0.8453899172300099,5729.4243
5895576679550155008,212.1542769558881,-55.8367464632952,15.521428,1.2388611,0.5381243771614257,-8.7533193317975,-2.6919462817803863,5946.488
5895552249774756096,212.42920738848028,-55.8561088210165,15.522634,1.6383572,0.07627709773212064,-6.762652073761913,-3.1785231119645507,5776.0635
5895618735871710336,212.2726918019724,-55.57838493047131,15.5228405,1.1316528,0.3808773392856064,-5.593465408169568,-0.49421147765979867,7103.188
5895577710342114048,211.9947496630506,-55.871658645774325,15.523478,1.9156246,0.14293728005441328,-6.571896202681265,-1.531774042352191,5176.128
5895618907670411264,212.32534849005282,-55.544136443861895,15.524018,2.0220804,0.19101319967816716,-8.131797487725688,-4.206839761599222,4644.0034
5895580081164294784,212.10307883619794,-55.77604960167791,15.53461,1.8395147,0.14886673661933342,-7.122260363132508,-0.19836024764678348,5398.8823
5895576026715083136,212.13796134751473,-55.87315173326028,15.539755,1.7930183,0.18599233005229993,-6.134733373377866,-6.55451918345694,5304.8315
5895580252962785280,211.9978069803817,-55.81078376101638,15.543129,1.9448738,0.4434223481721328,-0.7488172033839082,-5.208533737939059,4946.451
5895592862987781888,211.97972735901132,-55.69440311664422,15.543561,1.8233385,0.20981668415447227,-9.068399449651068,-3.3202334669872395,4983.9414
5895579806286389888,212.13898188242462,-55.78530397553295,15.547528,1.8121586,0.24591349797927944,-5.226164851901315,-2.7654679663861876,5326.593
5895620934895125632,212.03237094089042,-55.57800649266979,15.548238,1.2667055,0.3826461615806426,-9.087045683475,-2.6979348105348606,5360.1387
5895607122279576064,212.31228083555177,-55.558035155872965,15.550192,1.2751637,0.5026622707524068,-5.91487377061523,-0.8588236688362476,
5895603200935565440,212.49248724201598,-55.626721904020826,15.553297,2.0293732,0.21199439030740427,-6.968238408076999,-1.3077162353246714,4893.924
5895618117396598144,212.0658069260696,-55.56445454552546,15.553912,1.7570639,0.14530571057376668,-7.404448694997612,-2.14288848136212,4988.954
5895601109311417344,212.3396248855886,-55.69931776133635,15.554087,1.6271572,0.7213066418444044,-10.61049152719089,0.4446059627850125,5165.324
5895599215200128384,212.26438601928243,-55.83679198718573,15.554322,1.8847399,0.09368162958913268,-8.182049177732784,-2.773862401225479,4897.9824
5895552524652703744,212.40459807533338,-55.82525199441301,15.554633,1.2967472,1.2492038095445293,1.2360072675638358,13.81960275702507,5412.3906
5895617224043220992,212.23652336206737,-55.592302832703744,15.55575,1.7095976,0.31813456550399205,-8.74821577532696,-5.367949940558799,5069.419
5895606744322419456,212.31656505931807,-55.60864886322411,15.556147,1.9096336,0.17661458051868448,-5.660374443333946,-2.8280028574219567,5007.3213
5895605438652366080,212.27807155797933,-55.606218737022154,15.557259,1.3990898,0.7437636328731538,-6.1545484852691414,-2.3502584520121657,5327.128
5895552352853993600,212.43593695387332,-55.83872542005682,15.558522,1.5022259,0.20380921635584764,-6.890717949655169,-2.5378187733242914,5725.8335
5895606709962678656,212.30182579414105,-55.61316482469527,15.558642,2.057127,0.20123405351237708,-4.074207785890817,-1.8857758689140234,4783.3228
5895599112120912000,212.33927197518696,-55.83424772580925,15.559038,1.8730154,0.1969567309279277,-7.970279433670651,-2.237104044798304,4888.532
5895617086604605824,212.19388559816664,-55.61302253489945,15.559373,1.4474812,0.5585909043323947,-8.835135739415872,-2.994423064188744,5347.292
5895552524652699136,212.39718581524056,-55.83080721443245,15.562352,1.3281574,0.3215044357294671,-5.535755920302656,-1.2205956667777957,6437.7124
5895604029903014400,212.32250395216755,-55.6891241112229,15.562668,1.3458185,0.11663541555218199,-13.216191969010914,-5.198046997699468,6101.872
5895605610451008512,212.34641582876984,-55.65744940542992,15.5647135,1.427084,0.7962694168746947,-15.469653504807683,-5.080567098114662,5087.8174
5895601899599219200,212.55193956683604,-55.685115847604855,15.566561,1.9652576,0.28386357334358225,-3.7074645882096564,-1.5411324234725554,4697.424
5895616983525212544,212.1471285796575,-55.617159959259276,15.567588,1.1699762,0.7106262250285016,-2.8839919091999056,-1.1325832961525908,6399.08
5895593996859164032,211.9918437647808,-55.67089959110317,15.56769,1.9766426,0.07727068178204678,-6.713469329192282,-3.419945433009993,4855.3857
5895596814357563904,211.867524683233,-55.654118352745584,15.567778,0.88144493,0.16978648328691473,-8.244111430854606,-0.7675211413198662,7429.6577
5895580768359074688,212.0298271653585,-55.73416850034737,15.569555,1.2887297,0.6460072461906918,-3.07288446102477,-2.4966875700993416,6046.6406
5895621239798337664,212.02166127130894,-55.54747356644757,15.572605,1.3736849,1.2771241093045391,-7.806761151127834,0.8421465233523857,5378.3345
5895601212404655616,212.4384588195027,-55.746694099673206,15.575158,1.8640652,0.2032226343763492,0.24311660200482255,-3.2753693342236883,6685.557
5895592691188881920,211.9270949413381,-55.72388961973759,15.577392,1.2766781,0.44701466501619475,-8.747677222546761,-1.8071985291819384,5519.103
5895601727800514176,212.53850715699153,-55.69978400667149,15.578083,1.9213734,0.20649114834538324,-6.340380426994345,-4.281026114857177,5214.314
5895618392274575104,212.1743885086689,-55.53057250431953,15.581873,1.234108,0.629486440525587,-7.222398112046855,-4.923514454875074,6374.6694
5895599082100595072,212.32499502275516,-55.83508970427082,15.583298,1.2650871,0.7620792603308857,-9.982900045853384,-4.469514060747736,5257.4497
5895596947463206272,211.8971421924794,-55.63515323917506,15.583617,1.164607,0.4457842264255832,-0.2754963984132677,-3.893094203807486,5558.0156
5895576164154028416,212.0916861282919,-55.865352183186836,15.588267,1.8420134,0.16968505911635934,-7.441097727641887,-2.824698927423642,4980.8315
5895617430201843968,212.1680412334184,-55.58547602331624,15.589215,1.8663864,0.15091067549308726,-5.118949337356486,-1.1029048270271415,4885.989
5895604648378486272,212.19629555829013,-55.68171379915993,15.5919,1.3114691,0.9179240980837852,-2.9370499647283683,-2.569335672696882,5515.196
5895580008111953152,212.1171109087921,-55.78359230415113,15.592262,1.7548323,0.3170783247961913,-2.704384429715822,-3.0669412448919102,4994.015
5895594271737088256,211.972457274195,-55.64085253567946,15.592878,1.4371538,0.9307586412201049,-1.8482358725674093,-4.1927758072911745,4838.1465
5895602410661500928,212.45183342227068,-55.68059217522694,15.592945,1.430932,0.5181567835156433,-7.994317419656488,-2.8959668109126016,6305.469
5895575751837245312,212.24441083950768,-55.84178825774228,15.59737,1.1688042,0.348119781621797,-3.8289400310021375,-2.927445826523555,6918.7603
5895601727800502272,212.5354119575834,-55.712182951040795,15.599239,1.418376,0.37672320645353263,-3.3312507860377956,-1.9630265604881418,
5895618289195341952,212.16192260344064,-55.54432095704017,15.602462,1.8725901,0.4285425096010655,-4.988887856604304,-2.588823755037918,4977.8247
5895592485030642816,211.99348659560616,-55.75011240988944,15.607843,2.0178356,0.07387537564750847,-5.9526635778292825,-1.1346116030367073,4709.6655
5895579393969495040,212.10197181915478,-55.81043801136847,15.610287,1.4894905,0.5728669302492932,-9.28684565954887,-3.781678607539159,
5895592038353858816,211.88859251381493,-55.72084117183832,15.613484,1.2335682,0.6327156670898,-7.5667023687146955,-1.4704051184026337,6086.285
5895604201701709440,212.27394322889194,-55.68927841328753,15.613846,1.3015556,0.4781888235985384,-8.971489726609509,-3.4715283708992426,6846.544
5895575786196961280,212.21148394525858,-55.85095963684203,15.61569,1.2401485,0.6668162323052782,-12.330573279052459,-2.397337329690549,5836.415
5895576026715086592,212.15503535344993,-55.87513648293961,15.622032,1.7892456,0.15877915531352293,-7.046006395395545,-3.2510913142664464,4880.016
5895593820726973696,211.90457716864756,-55.66195153657015,15.6227455,1.8198347,0.13131731612800224,-6.809108015190365,-2.300239543938428,4767.206
5895579978085076352,212.10128605522652,-55.781305414662384,15.624009,1.7757883,0.13341258423401003,-6.44269708856878,-0.873563614551454,5132.2812
5895604476579776384,212.17776044252804,-55.71017733449054,15.624403,1.731246,0.16774299965448905,-1.436023180436184,6.730979031231243,
5895576816989140352,212.18890008684195,-55.81776755852831,15.62878,1.25634,0.7326214375714954,-3.0085184387584576,-1.1790003408554843,5847.2456
5895593893779778944,211.9434012914606,-55.66764926038149,15.629196,1.8284492,0.018505167455452873,-5.655578081324398,-1.9274944287577966,5327.122
5895575236441071232,212.13970285556724,-55.90257613660823,15.629594,1.3365164,0.4587918435102352,-6.670287356314126,-1.5026829738753227,6041.574
5895551768713335040,212.3378363889478,-55.893708572701556,15.629804,1.284833,0.4761563501814942,-3.6303208353165077,-4.019845191111768,6003.1733
5895618770231454720,212.2898231225354,-55.557669951308846,15.634158,1.9058981,0.0860251385148959,-6.853720021361211,-2.1848422778781615,5253.3096
5895603205269338880,212.49722873026326,-55.627311394989164,15.636247,2.0929537,0.16269951330203877,-7.639496382588526,-0.7181903268383281,4867.2646
5895593378383903104,212.04504875645657,-55.64734078485846,15.638923,1.3098125,0.3124510829275457,-9.281444336611736,-3.04365926814382,5752.9243
5895597467192793472,212.00156331891492,-55.58692309959959,15.641253,1.2158518,0.7379588682973264,-0.17915902410873352,-9.517894375424937,5940.859
5895605576077583872,212.37685305840392,-55.64894037878627,15.644402,1.7057858,0.5400103220731463,-3.9199651390131622,-4.614084527661315,4727.402
5895528541553846912,212.26673200733364,-55.88928984496301,15.6452465,1.9065008,0.09145008311996113,-7.561797540531263,-1.3494181444971904,4631.8228
5895579771926629760,212.11269155662947,-55.80293524615654,15.647544,2.1121922,-0.004320835125019785,-4.506386667201299,-2.1357662890095406,4616.2847
5895603686305784832,212.17767424117105,-55.72610771189547,15.647859,1.4578724,1.342397485841894,3.8505912923453827,5.14629366615061,4829.6655
5895605747889982592,212.37014604429365,-55.633766906782256,15.649708,1.4173918,0.8320447076199675,-13.894292682402138,-6.805360627871355,5185.545
5895602483714806656,212.4509670761308,-55.65908378964671,15.651133,1.8270664,0.16595923400896037,-6.29245710336094,-0.917158986508054,5274.926
5895604614018750208,212.20507987161355,-55.6803135945134,15.654435,1.6379709,1.7023355727058918,6.979804236637866,-6.7419285476757835,
5895594306096837120,212.00092548449317,-55.63447085021018,15.6552,1.7001009,0.12495790184342224,-8.148592101395785,-2.9943655695097435,4919.6704
5895604781483463808,212.11361933093798,-55.68530387835519,15.657909,1.4011841,0.6043257368793983,-7.790039924239507,-7.424964684523902,5511.724
5895596814357552768,211.8582124958274,-55.664540973528744,15.662449,1.7845182,0.1014855529016416,-8.016297557137328,-2.842154282982644,4844.1426
5895600628288855552,212.3411305302107,-55.75313381362835,15.663892,1.838994,0.1577675685909446,-3.9971441714589213,0.06693009293346758,5337.016
5895575816218297728,212.2324961426149,-55.84032452908757,15.664585,1.316371,0.7191645496084628,-19.746278988438903,-6.386077387393239,5714.265
5895602105757669248,212.52775469198986,-55.667556007192736,15.668996,2.0689917,0.2017585577264092,-6.838483581022995,-3.289317844512575,4785.1143
5895554203942889088,212.45661636712265,-55.78479684758547,15.66967,1.3150463,2.0034896031242884,-12.689997051613645,1.521106336807577,5173.1167
5895602483714788736,212.44293637198456,-55.67771776800703,15.670243,1.3399811,0.6893721665285256,-4.920331917647372,-6.1650303952873795,6004.597
5895579462688931072,212.04196136283616,-55.82881566051973,15.671026,1.4330368,0.46956044378144973,-1.5453846724650435,1.7245361482148407,5507.0693
5895601968318691200,212.50384232785365,-55.69410511556233,15.672755,2.1418219,0.09415992682981057,-6.005307423823994,-2.1495437148843983,4870.4614
5895603686305786752,212.169142513047,-55.72032406388043,15.67284,1.4500284,0.7089817090627468,-8.863439024882979,-3.258667854817299,5187.1704
5895599253899291520,212.28887829742177,-55.819011387476905,15.676931,1.4606018,0.6050506525374365,-9.4729102070848,-5.653695481498021,5237.647
5895606641243189120,212.30523254463395,-55.62997020558741,15.680524,1.2273855,0.7120357329581023,-6.953452866069083,-2.402324036980054,5423.5444
5895599322618770304,212.28507358948897,-55.81108456159754,15.685959,1.304863,0.5376647726687419,-5.67458092102124,-2.889446272898991,6495.3496
5895599288259248128,212.2627159159974,-55.822436552893514,15.6881485,1.317071,0.40945519563545657,-9.571768738052338,-3.03797871379732,6301.1025
5895552352853988480,212.44474094069346,-55.84138085117643,15.689936,1.2423086,0.5888912645324605,-4.442678940289464,-1.2350527588431395,5984.0825
5895603445787613056,212.20927191956198,-55.74200123804399,15.691503,1.8637314,0.17175210782601646,-6.500513282222917,-2.179500240431782,4927.057
5895618735871709696,212.26452745672054,-55.58467251773372,15.693836,1.4010506,0.6663785312942838,-9.898787260209332,-5.052660052798872,5582.62
5895599219539766912,212.25903274294697,-55.835852372817676,15.694705,1.289443,0.5567672357930884,-6.56879787309516,-1.26750297149066,5905.672
5895551837457879424,212.38038950826368,-55.875003002262005,15.698161,1.1498079,0.5506907511204517,-4.648022448041116,-0.23830074789021505,6083.496
5895603411427869056,212.18359522010067,-55.750315418787224,15.698197,1.7231121,0.37608640696651285,-4.660594972571645,-2.0517649775087614,4928.4507
5895594203017633536,212.02060187416333,-55.62730646766539,15.700769,1.7320347,0.11140995430125089,-4.433255609169751,-2.178922198513777,4732.8164
5895601487282324096,212.40534200706477,-55.7369816949421,15.7024765,1.3800173,0.8452481369717006,-1.9558670292513887,-6.1661197837064,5834.756
5895596951796534016,211.90465932875458,-55.635168060781915,15.7065935,1.2658081,0.5126010620089242,-9.741053285151903,-1.3686133503686435,5692.045
5895593893779794048,211.9492677607806,-55.6546636905512,15.707942,1.3960285,0.5109154884517324,-4.750748728850279,-2.024142184843205,5142.3555
5895554792395494528,212.5480406420715,-55.72891269124561,15.708402,2.4793577,0.022127886181834498,-3.34754699432582,-1.5171007811754031,
5895554070840962048,212.52139576490524,-55.779267577287044,15.708508,1.3561459,0.5522672443308048,-6.203407351084245,-0.8273352315910409,6274.664
5895553933401997440,212.4704593561234,-55.79637593269051,15.70894,1.2429295,0.4531541499691453,-8.39132165656358,-3.0206111313508517,5533.2646
5895599627517005568,212.39802618341926,-55.79761960446006,15.710434,1.3452044,0.3120000172814628,-17.905491242793836,-4.149862187315354,5535.5796
5895579767598619136,212.10388786082007,-55.80990776192721,15.714625,1.4107199,0.46669138190311416,-7.167321112487388,-3.2910315489800857,5229.6396
5895554139560435584,212.4636616699765,-55.78829694445522,15.716037,1.3274488,0.4649189999998838,-6.575702824965078,-3.4262002073514974,6274.4126
5895618495353769984,212.1363637778581,-55.537785903174516,15.719923,1.764163,0.2265342128862568,-8.116004007293029,-7.158522761463939,5280.1904
5895617533280873088,212.23109566846304,-55.56306644822118,15.71993,2.0898504,0.01551426619135434,-7.014209140818103,-2.7065193567115338,4989.154
5895607122266095360,212.31179120598503,-55.55793501103933,15.720777,1.2429237,0.6226190456760886,-5.843947773356462,-0.8999545668813583,
5895580596560177920,211.97383800222156,-55.78007132327859,15.722746,1.3569269,1.1005444848710606,-8.86795205310198,-7.97528256404588,5526.149
5895592931707264896,212.05984138296145,-55.70903147234994,15.722989,1.3961878,0.47638937177374685,-8.457549473736563,-4.870509572622299,6255.816
5895606641243198592,212.31668022678335,-55.61649199611263,15.725652,1.4226036,0.40612546887105944,-6.383420647142622,-3.125679450649921,6308.8037
5895594473562068352,211.9907570911789,-55.61338172376581,15.727675,1.5695724,0.3188346297641357,-6.907694358946783,0.168987428305928,
5895576748269647488,212.1343908235673,-55.8149539655948,15.727825,1.2781096,0.47644101006629547,-4.733610747392685,-2.050028324719934,5994.6797
5895579531408408064,212.02499949039208,-55.823371768044744,15.731531,1.3400755,0.5995520222744917,-8.029148606255015,-7.994178836099236,5944.118
5895596745638065408,211.8598809956731,-55.671924205929336,15.734598,1.3394785,0.867650349585287,-5.224406374435773,-4.4936785422885,5477.052
5895606744322433664,212.31704781924336,-55.591420029731374,15.73763,1.1299906,0.26453112813603785,-5.78702008417403,-1.484658785559738,8023.857
5895604579659005184,212.1918596632133,-55.688493288305644,15.740999,1.3756542,0.37067215589282243,-7.526389794232537,-3.6730548548918653,5521.888
5895591076281145728,211.8599294692772,-55.76742621169462,15.741371,1.8734589,0.11128784642636186,-1.0238564516383364,-3.1929537987755676,5230.9546
5895605885328938880,212.31199555006643,-55.63545646383107,15.748265,1.7874842,0.47188255952974095,-7.805949612360084,-7.899602449332168,4981.529
5895551768738398336,212.33315245057037,-55.88194079496245,15.751311,1.662961,0.3016783928482263,-7.596131488095077,-1.5361012355610522,
5895600559569389696,212.2734788556053,-55.74559350663202,15.757364,1.8125181,2.4137105048655476,-2.9065766906439343,-13.008840567866695,4389.6396
5895596844383978624,211.88968365846068,-55.64440497151782,15.762109,1.5763826,0.4513231990186405,-4.991468709330982,-6.2210474313421225,4964.2124
5895592931707263872,212.0437845586784,-55.70537870204944,15.762387,1.3182678,0.7566654639736694,2.539766402173347,-4.518599963004024,6221.782
5895577950860296064,212.00852834101065,-55.850897973642354,15.762945,1.9257689,-0.27413209576710856,-3.9849274457432715,1.2134629918050306,
5895616743007029888,212.1410711378878,-55.64237800505905,15.765692,1.869195,0.06779678829950422,-5.531357745568201,-0.4698357610338977,5037.745
5895617769464698240,212.1152934758568,-55.595116217849025,15.766827,1.3076706,0.756274592470614,-9.25390357021426,-6.745837393426118,5385.186
5895603961183527168,212.2707159700314,-55.704377615428264,15.767844,1.3446064,0.5956974605895583,-5.638867749679056,-1.334008353846857,5801.8374
5895600215971976704,212.29862153972076,-55.78603266361945,15.769446,2.0038328,-0.07173519395880698,-7.225737926874475,-2.257539060693971,4666.9517
5895617292763037184,212.22136683979977,-55.5884801548894,15.770808,1.8476505,0.13573180364307225,-6.028953537438537,-3.070325500285579,4831.7974
5895618735871134336,212.2760404033129,-55.57883442153924,15.772372,2.1711617,0.10851244146367343,-5.947513057875615,-2.186135715545765,4678.277
5895600215971980032,212.30105231330845,-55.77985025700549,15.77476,1.7835369,0.13823858815599238,-4.894522562997336,-2.6800754627160623,5120.7705
5895551493860512128,212.44582870704826,-55.85463639066673,15.779434,1.9772148,2.2662850538103694,-11.86015711306282,0.07738756288022557,4229.926
5895602930391412224,212.51469485746838,-55.646817796980294,15.783163,1.8839712,0.2015335843929893,-5.417307373439271,-0.882924527683133,5729.4717
5895617911238139904,212.04829716394983,-55.59817654088232,15.783996,1.1186819,0.4435065483064279,-4.2908914144555785,-4.437681620304683,5445.2783
5895618598433011456,212.1661670295723,-55.51874558673252,15.784179,1.6826763,0.38315918550855943,-5.446579897867863,-2.7037308981378545,5012.8633
5895600078533236736,212.26873747127354,-55.80604521569098,15.788989,1.324317,0.4531492519607961,-8.164960111222582,-2.580128085274576,5805.7944
5895600559569396352,212.26967681931205,-55.736065264394476,15.790291,2.075162,0.11858463081542958,-8.85914851198901,-1.487162711633773,5316.476
5895603411427865856,212.17445938567514,-55.75459744346823,15.791488,1.8819723,0.10306676226647635,-8.430834398038533,-3.0823325763853817,5999.773
5895604201701708288,212.27577469979872,-55.69059118728124,15.792088,1.8655653,0.3020617900065395,-5.444482293416571,-0.9702483337902431,5481.7266
5895580248630080000,211.99856775039086,-55.819196654322774,15.795332,1.4212275,0.5383614941881173,-7.282616180118252,-3.558406934121905,5375.179
5895592897347522560,212.0391032792911,-55.70980913841375,15.795394,1.9062614,0.19582366463382483,-7.392072223889966,-1.7019384291090065,4912.5645
5895617567640834432,212.21019999881005,-55.56223157424012,15.795616,1.3573856,0.5628092689599637,-3.551968053085959,0.11792159999556913,5357.0854
5895602277556333184,212.4221869222321,-55.70464996633779,15.798261,1.7602701,0.5031957568940808,-8.606530061643921,-8.437644468998002,4988.91
5895552249774776320,212.43551381736455,-55.84037290097593,15.799642,1.3429899,1.1696974217186333,-6.569209991595486,1.1838020636438462,4943.772
5895592244515851904,211.87675974747168,-55.69595148281802,15.800136,1.2170229,0.29165584925538923,-9.468004369116018,-4.4779047952093,6920.4243
5895591969634375680,211.89128684180716,-55.72677187105519,15.80052,1.2682533,0.744662324432735,-3.9769490322151375,-0.6912164069818009,5985.8633
5895604717097943552,212.13806869508574,-55.69831957580714,15.801278,,1.4893273212076,-6.544861438250964,-3.055279326043588,
5895576301592998912,212.1160282698033,-55.85584256626481,15.804012,1.312973,0.8073910679531388,-4.383615797162149,-3.985413064521156,6009.316
5895552352853990144,212.45852627731642,-55.83919087112138,15.811092,1.601202,0.46337664284451874,-1.951549788906153,0.9753724573146547,5466.178
5895601727800514304,212.53827717464853,-55.700346683392,15.814037,1.530509,0.12434155565563544,-8.596650670599468,-3.8460191053311026,
5895604545299259392,212.1663946223897,-55.69450027666132,15.815597,1.9161634,0.13736610295473692,-6.129604525080169,-1.728061289538163,4874.503
5895599666216159488,212.41753873081055,-55.78297976981967,15.816741,1.2374477,0.4782896820926128,-3.621839154435805,-2.2537683898774294,5856.597
5895603445787618304,212.21471819769056,-55.73541336905657,15.820638,1.4817448,1.1515357114957725,3.333623770646798,3.91365066947741,
5895553933401994496,212.4727158725835,-55.79944603704067,15.820842,1.3849888,1.3511538394035576,-10.875170709771954,-12.845121230567432,4696.3174
5895576267233249792,212.1049343149826,-55.863328751526524,15.821318,1.3403444,1.107277746292356,-26.092829476548296,-12.863140956168998,5451.1167
5895606057127650560,212.3837939387989,-55.604745439630854,15.822232,1.5257359,1.4112471936317477,-18.989808696608105,-10.485612709631601,4877.4717
5895597707710963840,211.9698194105103,-55.57097030193461,15.822899,2.1658869,0.06323929002780233,-5.096789975869823,-2.0759923487837053,4686.6826
5895597364113418880,211.9247206740805,-55.60968112868448,15.825691,1.1356678,0.5811588844727646,-6.734435963414153,0.5575032074377231,6339.714
5895592897347512832,212.03050718443902,-55.72444023154025,15.8275175,1.8352718,0.2105902841371643,-7.078420096975647,-1.087790109930962,4997.9316
5895528507194108160,212.26470862383064,-55.890867538060256,15.827752,1.9435902,0.1736949333269292,-8.56853940184204,-1.916667432571049,4576.7383
5895552009256700160,212.29810207612067,-55.87111826218033,15.827903,1.2914209,1.0692692292101953,-6.238489012804874,-3.385687381216563,5470.8765
5895593137865732992,212.09121465193724,-55.66415974522113,15.828157,1.416049,0.719696272695783,-6.655468875099553,0.8419240142579754,5546.1772
5895554002121474560,212.52549041494942,-55.79151285732395,15.828376,1.3808908,0.4624448265201648,-4.824961433755539,-3.4106229930909016,5517.0156
5895616571208335104,212.14060479828277,-55.65365282849786,15.829002,1.1770992,0.46394054815800395,-2.3088664225727986,-2.277814782530231,7125.2817
5895602380635567872,212.44034121336531,-55.683750099871034,15.830186,1.9745827,0.13596148372175282,-7.770202022675334,-2.8216819924674157,4925.919
5895601315483624704,212.49631739651184,-55.73866741871558,15.831655,1.7479744,0.4406477785788158,-4.341419509289139,-2.795103349196248,4836.5747
5895594031218911104,212.00854850912316,-55.66438390131738,15.83188,1.8163357,0.036885832344860946,-4.683408867722684,-4.511596459925418,4935.907
5895600903166776576,212.31759716727322,-55.73627198189079,15.83677,1.8439407,0.17096892396981328,-7.6896907762824345,-0.8376153172005255,6086.6294
5895593996859166592,211.99760232493364,-55.6694915596341,15.837187,1.2203999,0.6386757737070063,-5.845931335069002,-2.1665990766446415,5934.8315
5895579634487653248,212.041439331462,-55.80124112073487,15.83952,1.2551594,0.53642014520896,-8.474832836474478,-3.2896123240624284,5531.5576
5895617430201834752,212.15843054315212,-55.591544404415394,15.841534,1.3209171,0.8761043632608242,-10.355948464610995,-1.8076805962169833,5473.8716
5895592553750123136,211.98699956775462,-55.72944921486719,15.84495,1.9059687,0.05745122281994442,-5.500889904789373,-1.9799981231140997,4672.571
5895617464561609472,212.1824672740652,-55.563954012426535,15.847633,1.9213076,-0.06285309545278815,-9.272642771554263,0.3413915364514231,5168.8643
5895603720665529600,212.18799190167684,-55.716547815494515,15.848011,1.7420673,0.27637538217861,-3.5825885161011732,-2.355609485775681,5206.211
5895598944661856768,212.27958856885343,-55.85973730404662,15.850747,1.9160385,0.20722450680828128,-9.48447348621799,-0.3962399895809157,4779.9077
5895593825060456320,211.912483821547,-55.671631498999815,15.852718,1.2550678,0.7432830706374822,-13.010727722932181,-7.122057972182029,5360.2744
5895593275304664192,212.0205087530917,-55.67156457588455,15.852983,1.3953714,0.5626897564769301,-7.1373142545569035,-1.5383163383988312,5182.2607
5895602655513487232,212.40515176652832,-55.674149343550695,15.853298,1.7560959,0.25477481374315786,-6.215923364328999,-2.1457502043643726,5290.2583
5895607156639314816,212.34702419101137,-55.553548336179865,15.854921,1.2426958,0.5428895167898363,-7.113110059703996,-4.8734741037760845,7075.9785
5895551631299491712,212.47759521309735,-55.8324904403164,15.857422,1.839262,0.12833057154214253,-7.4436987422304615,-0.7815577683645717,4887.3193
5895617430201836032,212.1542875240465,-55.58891765937203,15.857743,1.1280289,0.563295072593119,-5.730309873496076,-4.082145053325689,6664.1904
5895576473391706240,212.15080131105898,-55.85383099019624,15.858089,1.7023325,0.3490808978523213,-10.214186449446656,-2.8922650364436087,4862.2114
5895606366365463680,212.40326288250793,-55.603598268563054,15.8601055,1.4427595,0.7475284669675276,0.5150741816296736,-2.559550418695237,5872.479
5895580115505914880,212.14017395445453,-55.769978598079916,15.860819,1.7807894,0.32531140876506587,-4.290401521236031,-1.0893693920540597,5003.054
5895592038353867008,211.8898733234737,-55.711068976098886,15.864256,1.4540186,0.567289623698691,-7.9059465188755915,0.31369232325680474,5677.2373
5895605163774443520,212.29643949901464,-55.62553744869872,15.866173,1.2826767,0.6855678168515081,2.4076468256088517,-5.5986619358335155,6007.1226
5895593000426753152,212.04517327761238,-55.68599437475704,15.867008,1.7659216,0.13806444412857174,-4.117214434140196,0.5722639035869864,5068.142
5895593034786494720,212.08125040105153,-55.692912312321525,15.867178,1.5944872,0.9456216709504293,2.376778471166021,-10.29879297894937,4743.963
5895575786196961408,212.2116029855181,-55.85182368263922,15.870296,1.3464861,0.5253411533730722,-8.354048938200673,-4.73493388022637,5814.4893
5895604923256400512,212.17241195232037,-55.653319096467186,15.8707075,1.2477407,0.47007040587764154,-5.766228870874129,-3.5122538648442077,5884.6455
5895579153451245312,212.038517577869,-55.8686284898067,15.873869,0.9620819,0.20189820258878527,-3.4095714193672744,-4.579869901648702,8923.228
5895575511319041152,212.2447564303538,-55.87524301095213,15.877342,1.9126282,0.08709156095565171,-5.53152597255222,-0.509993812618067,4716.5713
5895603926823790848,212.29390179122007,-55.700000821097355,15.877945,,0.11371734955751872,-7.743997211182827,-2.678704126457391,
5895579531408434176,212.034328733678,-55.80239131893348,15.881861,1.4106913,0.7557976420362332,-0.7164273724777306,-2.587953735512439,5155.1685
5895599872374600064,212.351425186981,-55.77003709186612,15.890731,1.4260521,1.2387886338968688,9.888167097334886,-7.38829318342988,5137.327
5895607156639317760,212.34567684238718,-55.54494757765815,15.891762,1.906621,0.19531454097274403,-9.40361301349279,-1.922080721219394,5328.728
5895579462688935168,212.03462680209313,-55.82247652834736,15.891765,1.8782291,0.16040913888078406,-5.247276860076606,-2.845127906981589,4875.9
5895617705079705472,212.06647351982429,-55.613189483587256,15.893942,1.5946188,0.31252382800145123,-6.17242771095936,-3.0602168589355614,5107.6675
5895575236441073792,212.14221300069778,-55.9003236403218,15.894416,1.3545265,0.6845021824396892,-4.7501264110377095,-1.4497152809811191,5365.1143
5895618667152488064,212.1561496735836,-55.51529379177504,15.896412,1.4380283,-1.9269257749294473,-12.435915375469213,-7.266351002142864,
5895617567640827648,212.20259701349414,-55.56751861848147,15.896853,1.4809294,0.47752212157893914,-12.288929084708432,-2.3726545996520327,4986.908
5895579943725358976,212.1581117452237,-55.76930963466604,15.897396,,0.13367973752725681,-9.043729463686761,-4.679436283095495,
5895552455933231488,212.46292218781545,-55.815397920934494,15.8979025,1.836299,0.023862699960786674,-7.395303890722649,-1.174099401980985,5139.042
5895591179360368256,211.87588569559017,-55.757930971094275,15.900627,1.3034801,0.5317728756044818,2.941662318990281,-6.803773070755335,6026.072
5895607122279572992,212.32361122860718,-55.56300039114291,15.901786,1.2525377,0.648552279689549,-9.574675944460408,-2.7118378287375053,5143.982
5895579153451248384,212.03036794232784,-55.86299135121281,15.903539,1.9103098,0.11539078605784939,-7.160843902921016,-0.46851345751914686,
5895618220475857920,212.17117298342782,-55.55509581584026,15.904323,1.3837109,0.3540009417885831,-11.69301977363425,-3.6656950835629174,5344.572
5895621484651009408,212.10185751748327,-55.52492328728763,15.90467,1.267889,0.38166650433786936,-7.858264055537298,-3.2146899098871176,5265.9365
5895576851348938240,212.1942713993432,-55.808254430388736,15.905429,1.8513384,0.1086961538578952,-6.89845852303011,-1.3780540942959507,4646.436
5895597604631742976,211.9543647573538,-55.58365276796816,15.905717,1.713603,0.22897034256186075,-6.107494688687037,1.206580927202234,5087.5996
5895595268169313408,211.85664274345848,-55.6747081829591,15.914269,1.2333374,0.43293513945987583,-10.127479092824363,-4.598861542162582,5755.723
5895619285627538432,212.34806747552247,-55.531433446973665,15.9190235,1.461154,0.31068552030561797,-6.709995471897724,-1.828929535023672,5789.734
5895605369933012736,212.21510027536817,-55.63240170054908,15.91918,1.4996662,1.2225407175583127,-8.55348979814212,-4.523441547399446,4952.671
5895593412743636864,212.05703095380866,-55.65743372011821,15.921622,1.5807152,0.37926378296120616,-7.5268014334147075,-4.640284816321871,4967.604
5895600490849901184,212.28332837608792,-55.759035834148946,15.921822,2.064866,0.10896060580977449,-5.997220540919204,-1.7574852402277084,4602.41
5895593103505975808,212.0542280705937,-55.678995945396395,15.922094,0.74862194,0.1677007604394838,-5.259078938537703,-0.8066445085234741,9876.936
5895604373500434176,212.29247927039475,-55.65485280237974,15.922922,1.3730183,1.020588266459216,-9.999529604041198,-2.7559110270969374,6891.2134
5895607500236813696,212.3869326630493,-55.543000829124644,15.925384,1.9491549,0.1621464801961694,-4.709502050356966,-3.6737387474695753,5067.7744
5895577706009379072,212.00009634048843,-55.86751142175165,15.929156,1.3192072,0.6559636912545386,-13.857402692220786,-4.3383719601604565,6504.4556
5895600044173496192,212.2445609992566,-55.80497142208145,15.929865,1.0961447,0.47090250190903205,-4.252357370801449,-2.15158586605514,6373.2803
5895619113828856320,212.25942789389643,-55.51819857438769,15.932307,1.3018713,0.6321803963479369,-7.09519408202556,-4.514418483741581,5335.226
5895617533280873216,212.23460607799856,-55.562332640665126,15.932612,1.263751,0.39187764349081966,-6.346161363663393,-1.6957342825307489,5900.9272
5895600834447321472,212.37537405224376,-55.70877658469028,15.933375,1.8882637,0.22081614505373007,-0.7508899750364869,-2.880014677726379,5795.515
5895599322618994432,212.27401714034707,-55.80459323898124,15.9334345,1.2834845,0.7038978172670055,-15.566471834117491,-3.217528399957798,6022.8306
5895599563136939392,212.34872172529927,-55.80401150352947,15.935176,2.334938,0.012532206509642279,-4.235599334673831,-2.2642607082559305,
5895620934895121280,212.02660991815344,-55.582528612106664,15.936151,1.3373108,0.4381648790659383,-4.613286008451352,-2.342730080221662,6265.9863
5895551081543627520,212.3945023073757,-55.87969452534133,15.936291,,,,,
5895594099938398592,212.00833809536476,-55.64914858561366,15.938105,1.5875025,0.12583724194210155,-2.9991876988185737,1.7305392651845202,5260.0073
5895602002678431744,212.51297864882,-55.69082924694126,15.940509,1.365612,0.45376491482871584,-6.646928352108263,-3.245909673684272,6628.539
5895600147252719232,212.25972184344562,-55.78600462192304,15.945218,1.2496662,0.869096160676369,-8.46426690405798,-2.048949017569408,5282.42
5895592485030646272,211.99555452639396,-55.73251082321273,15.946674,1.9183607,0.14908683263824335,-6.527023245184123,-1.0126097743976814,4850.713
5895606950480866688,212.31919737962536,-55.586765056570684,15.947637,1.5163507,1.3272571190165452,-9.038660298681748,-1.7861963475483926,4733.8374
5895600697008340224,212.33603987762862,-55.744410977252585,15.94824,1.8311844,0.1273179099570548,-9.825189187301325,-3.08132055625068,5902.1943
5895617361482362368,212.1782645101263,-55.59372360026718,15.948456,1.4762793,0.3981892975759852,-12.454480329793741,-9.672946049194346,5258.9595
5895552490292948480,212.37989007819849,-55.8426185804352,15.953672,1.4158964,1.0710841468728436,-2.707171573745116,-6.872896159636076,5102.3765
5895593034786494336,212.07383834418854,-55.69101005975025,15.955283,1.5561533,1.3339162456492526,-17.055962456012917,-9.93818632016777,4891.2
5895618392274565120,212.17463683501865,-55.54050754090455,15.955351,1.3445244,0.6699651639995124,-9.87348102019416,-4.805163084870969,4817.945
5895616674287552000,212.14153124452804,-55.64846352292297,15.955551,1.8937349,0.11506074626024887,-8.205225347191327,-3.6465489236272584,4727.2827
5895590801403214848,211.88601442020877,-55.79553008356346,15.959723,1.8333282,0.4441567246520367,-6.2114750879263045,-1.9164656402101063,5013.8213
5895575889276097152,212.11624420285997,-55.897745430859054,15.959913,1.3554268,1.0151381829732145,-11.70617750565886,-1.7029031226050575,5380.0415
5895606297645833472,212.4574492759047,-55.58205502893099,15.960151,1.5701265,1.511765147095099,-9.313425037324052,-0.9868238155460871,5167.3804
5895580871438291200,212.07477524749152,-55.74726490283031,15.966026,1.3791494,0.6739166636737866,-1.4195793806030856,-2.1276455590010728,5228.514
5895594271737078912,211.97022892449647,-55.65219423706679,15.966395,1.225277,0.6108259004630456,-8.453604610615567,7.7520413121571305,6044.888
5895601246764142208,212.45014147863523,-55.75060338838851,15.9677105,1.3889132,0.3890409469225172,-7.838093294265419,-5.6773646011588035,6367.1846
5895602311916065536,212.3831715717723,-55.7142198172623,15.9689455,1.3097343,0.7686761710277789,-16.578262234022684,-10.12471451439637,7087.716
5895593069146249088,212.09749437294806,-55.676622265135755,15.971533,1.8383427,0.11728166987833696,-7.880915174676115,-4.633293713707418,5030.9985
5895607259718525440,212.37112671976357,-55.561730378545086,15.974124,1.512557,1.2322207474000613,-9.424026494336001,-8.570463117048963,5190.8257
5895605576091268992,212.37345546762313,-55.656148582685304,15.976326,1.9080563,0.16080885567920725,-7.083346547674061,-1.4716088407322694,5122.75
5895618254835589376,212.14114534152387,-55.55215436529135,15.977582,1.8441353,0.20398213039363638,-6.622699401367639,0.7684927043185703,5148.9854
5895601762160246656,212.5101996185175,-55.70841175394789,15.980004,1.3380032,0.4437263922649843,-2.045720820767879,-1.8747303219718847,
5895552662097188864,212.4441741280124,-55.79518373005017,15.985047,1.9084034,0.14066295687848546,-7.24038993404935,-5.992760235784763,4933.0737
5895593790700551936,211.8819994106963,-55.6839264367389,15.986072,1.507966,1.321990279554353,-13.935790557566047,-5.787911443610589,4786.922
5895601624721299584,212.4523644727485,-55.70687687057167,15.987144,1.5253868,0.40256871910918235,-7.829986496269693,-6.71472710771092,5380.313
5895592862987785600,211.9901101581553,-55.69081487669007,15.992233,1.6749172,0.15301592030417724,-7.046967703668111,-1.0005830514446197,6051.7847
5895592038353863040,211.88990486899314,-55.71476175423508,15.994015,1.2603054,0.5894617347448484,-3.0856700847903586,-1.2985304020435542,6365.0806
5895574995922908032,212.1708081889862,-55.9076670405779,15.99416,1.7997522,0.0945715371502541,-5.252922047993901,-1.8805967647353365,5128.0796
5895554036481224576,212.53425940544855,-55.77716805091658,15.99471,1.277319,0.777106675150891,-5.38376318960478,-4.503277480413186,5687.363
5895577882140818560,211.95527307489124,-55.85636035130403,15.996774,1.3524275,0.179775719015361,-6.993348074693078,-2.0374257799210884,6298.896
5895604545299258752,212.1640968165376,-55.69429348248216,15.999446,1.3636065,0.4603535370297639,-6.123787957198904,-2.4307632067448686,5619.2686
5895599077761169024,212.32211710018146,-55.841984977290664,16.004349,1.3444004,1.2315066483435924,-12.055781944989,0.46952667877211396,5243.6143
5895576610830710016,212.20237365305113,-55.82254165262718,16.0049,1.3382645,0.28772014856341327,-6.632449491750785,-3.887153382276142,5515.032
5895597432833048064,211.97943336353595,-55.596351981353806,16.010279,1.6949072,0.2043851836769287,-7.515718940600212,-4.597496815215688,4930.3203
5895551906177374208,212.37620024137678,-55.85888337052358,16.011522,1.3377619,0.5911147818567467,-7.341047987071612,0.08890678690344825,5674.47
5895594409179429504,212.0042093004452,-55.6268852352597,16.013224,,0.5039282577445605,-6.886165723121547,-0.5092668989892997,
5895599288259243392,212.2479705860654,-55.83436969270654,16.013712,1.6457071,0.3018396736119365,-2.1380619488950523,-0.2922697542353057,5319.01
5895600731368080128,212.37241417928655,-55.73950864726121,16.015232,1.2470303,0.2516074335722909,-2.775934879902343,-1.0084569624662447,
5895620969244656896,212.0401866233158,-55.56870266707406,16.02097,1.7008905,0.7490748615962268,-7.874384211904989,-2.6788812579542207,5132.879
5895600662648595840,212.30429311584592,-55.7547272975314,16.02372,1.9061317,0.17191246089027667,-2.7080907275191914,0.5565978234883988,5302.712
5895596779997817984,211.88419173910424,-55.65822977118212,16.024101,1.2375345,0.4582121465285847,-4.171703935256451,-4.799778348483757,5900.921
5895606916121125376,212.28996299728837,-55.59386248403417,16.02465,1.9029036,0.011659279965955067,-6.464959201018994,-1.9607520780644647,4718.545
5895605301213538816,212.2309933920024,-55.627761496293616,16.02509,1.7739964,0.3642699817066943,-2.951227975449376,-3.3135218780465503,5150.246
5895579737566906496,212.15048889723664,-55.799181889559215,16.026072,1.6814222,0.20877528435056134,-3.8157931765335835,-2.1072031217569847,5027.9644
5895600697008344960,212.33987157544914,-55.7372005646529,16.02839,1.9001198,0.2330937295615828,-5.623684136824105,-4.196623653995188,4950.6323
5895576507733161856,212.18184056838209,-55.834257871858675,16.029716,1.7391014,-0.007330587393984889,-3.901553760864588,0.3948825257505953,4946.4214
5895605163774440960,212.30160444717683,-55.62822705289533,16.030079,1.8695755,0.18702854148620146,-6.55086337082264,-0.2756586548247475,5181.521
5895575992355338496,212.1285811178257,-55.875576299854735,16.030258,1.8447237,0.11276870668313527,-6.426224892383813,-3.4781406934977985,5115.741
5895599803655124608,212.3670289702529,-55.7664741135374,16.030308,1.2713509,0.4040852817791067,-6.792133873020154,-3.4514787496657835,6010.8867
5895552730811162624,212.42618665343974,-55.79123306857106,16.030323,1.892026,0.29426077890535507,-5.513130857631074,-1.1044823703473425,4828.454
5895597707710966528,211.96906269498606,-55.56425721052922,16.031311,1.4284468,0.4576386963485568,-4.443870401639929,-2.9911286857704407,5331.6274
5895603342708390400,212.20113108100688,-55.76022124800687,16.03178,1.4015388,0.8879382616658336,-8.315511147484695,3.1555078111308044,5489.46
5895576920068374016,212.1796028759261,-55.790346390518515,16.032402,1.8810425,0.17442371171307666,-7.862868529006171,-4.09249783371607,4767.651
5895606641243193216,212.32102178503146,-55.62338179021535,16.033314,1.6151018,2.590875334014955,-3.100039990679304,-1.3293656897193238,
5895601556001812736,212.45352434977966,-55.71581467123449,16.035816,1.4841805,1.1712336021568095,-9.748073983931588,-2.864396792248673,4869.36
5895600662648596480,212.29867205038377,-55.75415165368047,16.037792,2.0072289,0.15950926048598302,-6.24656282456048,-2.2503260800911313,4707.236
5895603170909608832,212.4619691734265,-55.62203434757157,16.040081,1.7254066,0.4495907319864285,-4.281804865240565,-4.69855183753069,5123.993
5895580424743401472,212.05787275984468,-55.78061616273551,16.042387,1.948659,0.0354479583419341,-6.000935888614457,-2.3692356233634664,4804.606
5895552662091746816,212.45680162118376,-55.80256916408247,16.042679,1.3888683,0.4452224619539002,-0.9944058932731237,-4.235370080897571,5367.754
5895594374816315008,211.96655559504973,-55.62191157516507,16.042782,1.5918741,0.41077921692260766,-11.858445194378579,-2.2852966050107346,4944.551
5895600112892970880,212.228062603898,-55.804159140943426,16.043182,1.8791227,0.10970839962224915,-5.0793338517100715,-2.2962153940359364,4720.838
5895616811726501760,212.09606408684766,-55.644879338886035,16.045113,1.3581781,-0.5655236556369956,-9.83225080980089,-1.0801550484211377,5485.1943
5895597295393923072,211.9481903279376,-55.62798587764596,16.045525,1.2848873,0.5077399364201448,-7.383121439970298,-6.130191518608987,5777.2305
5895592794268302208,211.99857430115918,-55.70504827229735,16.047915,1.4815063,0.42241820406008035,-8.174038840562469,-3.145962973037588,5868.296
5895607019200347264,212.29559744628483,-55.58203286200241,16.048695,1.3843966,0.5104842133194226,-5.898882298417478,-1.7496679529314796,5516.1587
5895617292762699136,212.2239704593387,-55.5798033386743,16.050373,1.2472019,0.6368204191463832,-3.2853197862917467,-0.29820030745106463,5226.965
5895597295394073216,211.9604302478012,-55.62339877733154,16.052187,1.2745686,0.6680960635091054,-10.672708378148526,0.8820615361410371,4879.357
5895604854536917120,212.17632728982866,-55.67334005607609,16.05509,1.5589046,0.3709519516824301,-4.512527342900511,-3.197976223843699,5089.0073
5895601349843371648,212.45809293246052,-55.73126800080099,16.05919,1.3833303,0.291701033356249,-0.8245240503796987,-3.3069015143010225,6875.9014
5895600490849910400,212.2774322864062,-55.74864739196743,16.059711,1.3161573,0.41494453486512006,-2.6899549356614636,-2.076851389773823,6142.988
5895593584542111360,211.95526742541983,-55.68712241100317,16.060675,1.6901789,1.1357138372990363,0.6568340718935914,-6.685825160210003,4474.7104
5895596947463208576,211.89976893594172,-55.63297079371944,16.061586,1.3929996,0.43473913492924643,-6.958929135475062,0.2184441154012031,5001.4204
5895597570271854720,211.92978225392162,-55.60332971902706,16.06255,1.7179699,0.2373659949569575,-3.1011994304618478,-1.4296856977241972,5187.336
5895579256530489856,212.05184962215213,-55.84456046673839,16.070227,1.5570259,0.5525578498541756,-7.651067485517679,-2.3479171460557557,4899.1494
5895601143684917888,212.43940580918274,-55.765009386254135,16.071291,1.8657055,0.20276664331601219,-2.1795100331601978,-2.318469233457848,5079.0405
5895600525209931648,212.245490302002,-55.76004868186214,16.071455,1.800765,0.2554140691769109,-9.37359018343616,-1.5775765389811962,4918.9253
5895619904102840064,212.2130498309051,-55.51995673368212,16.071766,1.6244116,0.3789229543284146,-9.713719222467905,-2.7175088220248935,5467.219
5895607019200349312,212.30039510844952,-55.57918636620052,16.072573,1.9712505,0.15201062899035578,-9.214423975071456,-3.718888256090097,4718.338
5895618873310670848,212.3063808695743,-55.55154199294082,16.074116,1.3452024,0.3516511126925599,-2.3937785377214302,-1.486931638736017,5410.641
5895601899599224320,212.54387913216905,-55.68178212082301,16.075096,1.4684219,1.296152496247918,-19.03422061063548,-1.4116943363122123,4695.132
5895599352639095808,212.30718444142767,-55.811075826490445,16.077738,1.1927919,0.515357157208359,-6.021222153870431,-7.831868129711722,6311.1904
5895617155323919360,212.1878179098136,-55.61186502561792,16.07858,1.3439121,0.3279296415749149,-9.44464402291529,0.13184920396423483,5437.219
5895599288259245824,212.25280970485503,-55.82575292428259,16.080431,1.400567,0.5897706424748501,-5.729900647810698,1.7447356269180463,5749.59
5895554242639658624,212.47044788708217,-55.77665507787345,16.081966,1.2480173,0.6202886150834461,-0.006610190056356269,-0.8576998733953682,5812.7563
5895593275304666752,212.0201971508021,-55.66870284330889,16.083107,1.1844549,0.306906979924843,-13.984676327503998,-1.0136236291076115,7102.8564
5895602586794008320,212.36063663658487,-55.67978446137587,16.083158,1.2143183,0.34155079246115244,-7.669821038769086,-2.602487560953172,8157.2246
5895603170909612416,212.45413088133589,-55.61938484431186,16.083765,2.005372,0.11142040084065405,-6.577235274780289,-2.887642477443599,4958.2915
5895576370312506880,212.117236402402,-55.827584676706415,16.086761,1.2945261,0.48672809709724435,-3.8491849736677097,-2.840274949820321,5328.5405
5895601006246004608,212.3387756132024,-55.720994977060066,16.087194,2.0973177,0.013804377994172626,-4.438824645511497,-1.6892276214776865,
5895599185179816192,212.3422010002288,-55.80932322380332,16.0878,1.3000994,,,,
5895590835747090816,211.91942350302017,-55.789504685772116,16.087988,2.1052618,0.06540623121016191,-4.881634557341437,-1.809556054639809,5057.111
5895551837457885184,212.39770181298724,-55.867920919324995,16.089077,1.33498,0.41460739516232537,-15.005620787791699,-2.8106543937759465,5300.8345
5895604751457689088,212.15220647519342,-55.69025814999579,16.0901,1.9494219,0.15423051952200076,-6.041097387340592,-2.6323020651114564,4908.071
5895619113828853760,212.2548607951538,-55.5244101810902,16.09149,1.3223286,0.7076300414075686,-8.380555191225145,3.298445732010494,5462.476
5895619113831343616,212.25010125641856,-55.53268250769728,16.094234,1.8149319,0.21690436691825585,-8.735138444135497,-3.491312252234205,4923.018
5895554242639667712,212.47807433753485,-55.76145957866018,16.0973,1.8685188,0.20436746599618563,-5.3311972341514,-2.743572230088734,4899.292
5895619835383357696,212.23421061815864,-55.53011334496211,16.099016,1.2352762,0.29349590039645845,-1.3472442497423749,-3.4102410222809723,7348.602
5895599734935645952,212.42172275350563,-55.76494418956103,16.099104,1.9877176,0.1343518964530122,-7.30374119147274,-2.136387695932557,4772.854
5895618804591193216,212.2553829039316,-55.56008248442649,16.101776,1.3167048,0.48705376878155154,-8.41875435650866,-2.235999039048364,5411.942
5895580081164302848,212.09736892734512,-55.76384235340916,16.104113,2.0383787,0.016055044655993594,-5.218641733549664,-0.8114979287802186,
5895602414995306112,212.45836697111713,-55.68223165867915,16.104284,2.0166807,0.08721100844071786,-5.716022667698111,-1.5485774610268788,4755.454
5895554345718885760,212.50699562157007,-55.75260903237791,16.10582,1.8528299,0.10564352183355119,-7.340151897371072,-2.918966371224065,5240.063
5895604270407495040,212.2593933515431,-55.665991503042974,16.106373,1.4825544,1.1204601068050337,4.7663004825494335,-5.411234882721574,
5895618564073248512,212.12938896171568,-55.53400173976449,16.106869,1.2812386,0.6752040888608328,-10.081705255137429,-9.753868951563867,5067.3047
5895616601233505792,212.09300035503844,-55.657604567226876,16.106972,1.3811235,0.3924849076118196,-1.4705416499063708,2.07181356971606,6325.832
5895617361482357632,212.16810467809375,-55.59491541380987,16.10784,1.5750885,0.25282377030887526,-6.979460000305256,-1.1391448278398588,5232.9253
5895575270800838528,212.16373514702957,-55.8821793048861,16.109015,1.2245235,0.38147188723516284,-7.03378375664708,-0.8441239723649352,5559.2515
5895580390401902976,212.02431350362687,-55.789634772422424,16.10995,1.8253279,0.3590498834979043,-0.20964158132840927,-2.190473827614234,4979.0166
5895576920068376064,212.19352714405701,-55.79271651363705,16.112679,1.8611298,0.1276210359204891,-9.21650538454621,-3.2888758628056767,4783.013
5895603858104501888,212.2168309301992,-55.693254548181976,16.112885,1.7816858,0.12820823961553837,-3.635178803498456,-3.543619256810602,5562.9365
5895574961563163904,212.1631312632524,-55.91075589722563,16.113066,1.8529282,0.08847767111134996,-4.851421832413809,-3.5517053523418403,4855.543
5895593172225439104,212.01560019678834,-55.6855663901576,16.11657,1.4411297,0.9426068863152229,-18.462357854913012,-7.607605952744201,5483.0444
5895592897347519488,212.04655042925413,-55.71812731423667,16.116808,1.4112082,0.2442062804962547,-9.412938445239353,-1.1917115416371735,5328.8037
5895617602000575744,212.21181828421211,-55.559579590038446,16.116846,1.8689957,0.09412690392525644,-4.702471234618605,-2.2796559022909775,4950.8145
5895592347591456128,211.95654776535082,-55.768227345876916,16.118814,1.3055973,0.35392566395731523,-8.623045468092197,-0.7623957615527225,6087.1274
5895599283919609344,212.25312157598555,-55.83023185106453,16.119081,1.3577175,0.8415693897221849,-11.698067155586429,-7.056540301735674,5299.9004
5895575648757965696,212.17267080623012,-55.8797511365037,16.121538,1.8056955,2.159504049410752,-17.196563685182024,-2.0263708028668845,4274.254
5895578912932986368,211.91070242112622,-55.82616116748678,16.124184,1.4917927,0.5843820177059114,-4.275849808392253,-4.067091245953991,5372.6006
5895600937526525312,212.2960750548533,-55.726752341355535,16.125296,2.1553297,0.11810251407266434,-5.847069827293214,-1.142033257502793,4827.46
5895552284134505216,212.40258923580225,-55.8509352099414,16.127556,1.7266731,0.05483399706438191,-7.90437519333022,-3.196724968224169,5498.659
5895605090721157248,212.24002733634825,-55.64855154801348,16.12864,1.4647875,1.4479863557040211,-8.535964044431488,-4.419981838817125,
5895604991975882240,212.23403436971128,-55.66374762330302,16.13122,1.0942793,0.3514017506156163,-8.839799585315733,-1.7192509196853756,7966.526
5895576576470972800,212.2288454489705,-55.83048733905876,16.131563,1.2779264,0.5373306259040762,-9.857429957253897,-4.306720761782295,5394.0684
5895580321682265472,211.9840728568743,-55.799149740267175,16.131958,1.553297,0.47125294365305337,-8.863505708375644,7.105047866508558,5630.2583
5895600078533240576,212.2698330362918,-55.79611719511021,16.135769,1.2888031,0.5898237359374506,-15.374975279213503,-2.83620603005928,5521.515
5895593000426749952,212.05425927797071,-55.693792335896994,16.136972,1.3401346,0.40789588186530074,-9.163244775876729,-3.588607416238088,6450.5044
5895552593372195200,212.3976506698008,-55.810298130432905,16.137835,0.918705,0.1393583863443938,-11.252793619492204,-1.6056862421624956,
5895601762162416000,212.5027837815766,-55.70853778661735,16.142733,1.2236519,0.35549814364940263,-9.113397026183204,-3.3480373696830705,7829.9204
5895605438652369536,212.2729022237066,-55.601910163573194,16.14443,1.7820177,0.309221247017458,-4.62702402745872,-1.785994888931362,5019.459
5895606813041903360,212.36889355163424,-55.59485922964844,16.145033,2.0508718,0.18613754370168406,-5.481662111043713,-0.5293184164095546,4857.8306
5895596986156288896,211.9239112546398,-55.61771341056215,16.14575,1.7381573,0.1125877285470906,-5.580929024929388,-2.779382052326253,5147.5806
5895599666216164096,212.43366502325117,-55.77287680815005,16.146091,1.5494337,0.47502586841375566,-5.647086317788109,-4.849933079087226,5348.405
5895601074965505664,212.32544172285125,-55.6981792210544,16.147646,1.9352493,0.04993745628557931,-8.186709657333122,-2.139559080204463,5149.9067
5895580424761666560,212.051286279792,-55.774589489675996,16.147854,1.4527416,0.34824394099430533,-4.187771856710448,-0.8989157530893863,5862.8735
5895603377068134784,212.21895713974627,-55.74982131174463,16.149767,1.9087763,0.09608847132830045,-8.15059111888616,-1.840685747006165,4873.8315
5895606160206858112,212.42103659312576,-55.6131618601223,16.149937,1.6135883,0.5392316162469255,-1.1003386853075587,-5.3297247142161766,5263.407
5895552696451417600,212.4073370482127,-55.80053401448487,16.15143,1.399065,0.6647753842661543,-12.090858967606682,-6.012384003670686,5495.101
5895617842518683264,212.10376464029076,-55.58769065381582,16.153553,1.286685,0.5146867659725644,-2.2360278432368634,-4.415454286855574,5003.153
5895597604631600384,211.93730238442114,-55.59188829369742,16.154768,1.4075937,1.318064943968838,-7.574554431834034,-6.011716154751955,4696.3564
5895618048677119488,212.0775519005158,-55.57134192861916,16.155098,1.7535934,0.13180448911274112,-6.265294633405506,-3.591899579871627,4887.239
5895602586794013824,212.3724604210759,-55.67395680937043,16.155539,1.5726223,1.1976098371201553,-14.24197677407226,-10.090677763516748,4704.7065
5895606057127653248,212.3723048509978,-55.60259709598256,16.157042,1.4852371,0.5665016890782062,-3.8039251712490296,-2.8754667202501887,5053.606
5895604407860177280,212.2961776359995,-55.64857144522984,16.157387,1.2830305,0.2103505644602909,-4.478912236776586,-3.0081715074773605,5689.199
5895601521642073344,212.4251028518203,-55.71974380199491,16.157738,1.9870129,0.17662704274128999,-5.665786673241421,-0.6034512933638572,5045.1787
5895528507194108032,212.2666562530484,-55.89211153165239,16.158836,1.2307129,0.42380425975838165,-5.172408336020298,-2.196238126658787,5856.449
5895554139560441984,212.46724378678005,-55.77921742511938,16.158937,1.2912388,0.274114261706344,-6.77611730935645,-3.2554183957469203,6634.091
5895619148188586880,212.2786590154383,-55.532144206678744,16.159582,1.4019547,0.720479259257867,-0.13899959347492397,-5.507217751448336,5329.5117
5895575919297473792,212.0827560084489,-55.89634349826699,16.160048,2.0101805,0.11702023139381984,-5.84200969036947,-1.1265195404457566,5023.202
5895580218603274880,212.13800199470015,-55.74509661874245,16.160662,1.8508768,0.09758692803395799,-7.3764509523667865,-2.8036726910252487,5078.0176
5895575889276089600,212.108003808415,-55.90427872807371,16.165796,1.2278061,0.5159026753426064,-2.005472898731359,-3.670993091138702,5489.8696
5895575923635824384,212.08269906496213,-55.90089722427311,16.16613,1.872118,0.055668827571264984,-7.276304289572645,-3.162739741345997,4764.9634
5895594099938402688,212.01007715805054,-55.64350993523351,16.168112,1.6637468,0.159581012798744,-4.645681316452785,-3.463852862690585,5102.564
5895592897347520768,212.04634017482533,-55.71612663226827,16.168673,1.3176374,0.6062016938539718,-4.413623165633664,0.48625275038392013,6072.6514
5895604098622495744,212.30896059002944,-55.684769892368976,16.168903,1.3753405,0.4570348820462035,-5.572083924559618,-2.4402399181519874,6015.188
5895575408239816192,212.22421313769706,-55.87838455273194,16.169434,1.8456564,0.13263705010336913,-4.832787966675397,-0.9214768004164773,4921.5103
5895619835383357824,212.21576663952385,-55.5314201308387,16.16964,1.9726715,0.1746899072694923,-3.566856282633737,-1.7399202403887495,4771.2114
5895596986156288128,211.9141846450197,-55.620297380897384,16.17021,1.425106,1.1834304923476053,4.343849530076658,1.6482502847439227,4831.591
5895575992355326208,212.1206036573056,-55.88401404916788,16.172314,1.9039822,0.02165956890893677,-7.643833434292987,-1.8212490082645272,5352.993
5895603858104498816,212.21952899479632,-55.69877089885294,16.17694,1.4306154,0.5575340737949079,-14.513336169412922,-10.250782572932897,5693.6357
5895601212404402944,212.42593298566092,-55.754732987764925,16.177774,1.5906982,1.1793557093823666,-15.17480624177648,-0.6545723859309536,4904.6714
5895578912932988672,211.92403058588488,-55.81901731474433,16.178032,2.191599,0.004566809753386469,-5.887473550408999,-1.8493535462305521,4992.2417
5895552730811168256,212.43170391142928,-55.783408212333704,16.179426,1.4294682,0.45460366691682375,-10.493853863859135,-0.6737331525861453,5794.92
5895581215035693568,212.10463676084117,-55.7199363624377,16.179876,1.8667164,0.03012911721903628,-6.211716420894421,0.31298177842249364,5011.683
5895552417236472448,212.43622623350535,-55.825952537536935,16.179918,1.2920446,0.5720161315575012,-6.919257668396279,-1.3570345549294665,6377.893
5895593412743645440,212.05652185204283,-55.64681699707615,16.181152,1.4096289,0.04970184988405772,-5.574990590384401,-2.0200159921560976,6138.221
5895592961733438720,212.03473307268922,-55.70533289850052,16.182444,1.4281464,0.8522451837022689,4.193284584009423,-3.5043647973418777,5506.232
5895605129414696576,212.2741795920711,-55.636748229085605,16.182476,1.3632994,0.4038148987669638,-5.325945520164992,-1.959985251180537,5675.5234
5895552696451420800,212.4161413100958,-55.79657346138742,16.183447,1.2583475,0.734321432007097,-10.22686887810257,-2.66944301956831,5720.634
5895599219539767296,212.2714716005991,-55.837776582055035,16.18819,1.8936377,0.07361492497274012,-8.395642987050861,-2.653126692788739,4912.0547
5895528537218258688,212.27424973724447,-55.89262160051175,16.189228,1.2756386,0.4005855493477415,-4.085623350692576,-3.4297365477812995,5158.7695
5895576851348893056,212.20474421952147,-55.80320538405707,16.189968,1.2974815,0.5925913070120378,-8.27037762835149,-5.339201140274163,5851.966
5895600422132678528,212.22780701658277,-55.760797564407255,16.190395,1.9027824,0.1700816826974645,-7.841563603221295,-3.4029572668719212,
5895553143127996160,212.50471251659332,-55.81500076974851,16.190565,1.7912283,0.14106429182535007,-7.193340982252843,-1.060652699326694,5050.8657
5895551901840376448,212.37245181935143,-55.85712300035584,16.190678,1.828927,0.2939976694364233,-3.85822573667303,-3.027239444010594,4803.356
5895606709962680576,212.30946346231153,-55.609471654500126,16.19379,1.823925,0.0941030189205306,-5.187187267527239,-5.936365899852028,5419.842
5895604751457689856,212.15448620316326,-55.68992792022167,16.194233,1.7364302,0.29560878138047675,-5.645665992827489,-4.503656912627306,4901.678
5895576713909898880,212.15870561484007,-55.83281065929341,16.198908,2.0611372,0.07947041407774531,-5.013977492893394,-1.3720667490220988,4867.318
5895601212404395904,212.42671627187107,-55.76424115833577,16.201248,1.1818819,0.09517718187450129,-9.620836822107528,-4.135080268665336,5778.0396
5895600181612239104,212.28037404438854,-55.78633640239091,16.203382,2.0946178,0.08861102704852081,-5.68606751784194,-1.7426570391985186,4738.515
5895604304780939904,212.29476629866963,-55.672527489776684,16.204412,1.3034515,0.684185082878378,-7.494445705276741,-0.4015357507056798,5341.782
5895593687621336320,211.96011273622446,-55.677833820710596,16.205359,1.3986588,0.685086957753966,-6.906821834481844,-8.980235947703404,5117.8677
5895576301593010432,212.133347522375,-55.85092788699177,16.20554,1.4179268,0.741432543924771,-4.008564279329512,4.958385470066843,
5895603995543267072,212.287018818558,-55.70124006434916,16.205862,1.4506311,0.3762571270157039,-7.931164471061928,-2.9767272194571905,6254.9194
5895528541553846144,212.27391613050312,-55.89496799397351,16.208084,1.1565886,0.3835903500243604,-7.312561784440746,-2.8589057010675947,7111.6
5895592450670695424,211.97462601127302,-55.74106575601893,16.21224,1.7180319,0.3025240008611845,-9.255970297040879,-4.8677372176660905,
5895552009256584576,212.29879585904447,-55.8694744995985,16.213364,1.4423857,0.3872035451754001,-12.19335419503929,-5.079215448488297,5285.486
5895599322618988160,212.27673660353406,-55.82039394098123,16.213686,1.8390179,0.03334177532106286,-0.15387254440770515,-0.9889754871714462,
5895593309664414592,212.0616697951005,-55.66915701337759,16.215744,1.9140072,0.043397674956878234,-7.238524685406953,-2.5838445275905677,4763.185
5895605198134171392,212.25321867172804,-55.64071186391517,16.217003,1.2867918,0.29711515542514816,-9.64984384975571,-2.159157914301715,5524.1836
5895593309664413568,212.06005844238467,-55.67017025935048,16.219889,1.6694193,0.27991341171618506,-6.068057030977097,-3.310897156206242,5080.396
5895599528763135872,212.3934084630992,-55.80534123628008,16.222288,2.0139446,0.38541623623667237,-6.6838118923950525,-2.203159683134568,4799.1045
5895592450670904576,211.95962415037036,-55.73831150975928,16.22317,1.4576788,0.8490895213799627,-7.690930573440106,-4.632039843099729,5245.1284
5895599872374607744,212.3496408673862,-55.75861216427214,16.223309,1.345501,0.46922052324928304,-6.333972664889867,-4.735380935679852,6114.4565
5895600112892976384,212.24094968067547,-55.7947261670456,16.224133,1.8759651,0.2183678859939198,-7.699907164589019,-4.632009684118719,4764.346
5895593825060310912,211.90034623236164,-55.662950216375584,16.22454,1.1601009,0.4426341329272542,-4.610511797787617,0.39930573800221575,6130.321
5895552284134516992,212.39919797153667,-55.84172275057018,16.226662,1.3679781,0.32950849236568525,-6.696438128566475,-2.918038184686916,6682.732
5895617945597884032,212.06368154350443,-55.59382925409664,16.226904,1.1902103,0.5469512111343648,-8.892374907999033,-2.8719684480547745,6085.303
5895620969255041792,212.04597651188925,-55.55616114856122,16.22695,1.3615313,0.2840280446259187,-12.859475511437722,-2.722297228425755,5792.309
5895592622469392384,211.94219174697056,-55.737927076870925,16.228287,1.2858009,0.771743870752005,-9.072243951605675,4.758001238049744,5474.764
5895602758592725376,212.43591499029046,-55.64830914479943,16.228485,1.4269075,0.5138205475858775,-2.3392188417792945,0.4522860248491819,5735.8066
5895606400725052160,212.433878238591,-55.57883591335863,16.22901,2.037301,0.060226662562069315,-6.244866654537967,-2.1260512048768603,4761.002
5895606366365440896,212.3992053931862,-55.59781430758515,16.230812,1.9866486,0.2549854643924599,-11.47924402392933,-3.4395464636573236,5130.963
5895604579659009280,212.20053428388678,-55.684011671284374,16.232012,1.7033339,0.26962901168026504,-7.4607199374131135,-0.8329162001015198,5028.7124
5895618254835577472,212.1425850041322,-55.5637653062944,16.235252,1.8840065,0.2469234735513599,-4.883695167758478,-0.5514680412426705,4893.0938
5895599185165750656,212.32752001393266,-55.81083341072475,16.236893,2.0685787,0.10098111079502763,-6.430058795916483,-1.0856462152073767,4792.857
5895579050371944832,211.95087162770366,-55.804330614659236,16.237234,1.3564844,0.5248157115373981,-7.5940151241890606,-2.200070193109742,6329.5596
5895604270407469952,212.25742534272487,-55.67347580355537,16.237793,1.5035009,0.6065332791914126,-10.085563957155102,-7.992472017705298,4976.8877
5895590904482440448,211.9134352161043,-55.77731845263279,16.23816,1.4570112,0.5871151465294242,-6.303141538853627,-3.8210602503796185,5027.048
5895617498921350016,212.21052229776276,-55.57148154024078,16.23869,1.3543015,0.7267648564688434,0.5470093264385545,-6.472888697300362,5558.8154
5895576542111221888,212.21439494141478,-55.837649179114656,16.2394,1.8642588,0.11866332439363307,-8.360830811335,-3.7486494834272794,4899.846
5895580218603281536,212.15380316135133,-55.73279171722193,16.240593,1.1908989,0.4348444826871295,-3.3442443344068975,-3.3422115482820574,7203.0317
5895601418565028352,212.41740017570788,-55.73653314524069,16.243763,1.3921394,0.5256020695951577,-11.219110014723139,-3.0680336830398653,6311.187
5895603067830374912,212.46031483668054,-55.64220858830477,16.244932,1.8684435,0.1404156952955318,-5.947845214650475,-3.9302119194724687,6302.4795
5895551871817618816,212.36139610866968,-55.874813033286294,16.244944,1.7579384,0.13828602696115622,-7.810347440183769,-2.9515626891388993,4925.819
5895620969254873600,212.04662734261,-55.570194605532635,16.245806,1.9844561,0.08252872281150181,-4.7634326959817015,-1.9569257828053286,4861.3013
5895603411427871744,212.1955333991775,-55.745986067153346,16.246716,1.3260336,0.41169544003092057,-6.187191745822347,-3.621744820040391,5502.5093
5895602655513491072,212.4102667116926,-55.67043166315331,16.248337,2.1949472,0.04463763988166887,-5.305973024925981,-1.4822451083273336,4786.483
5895594099938392576,211.99252103372362,-55.65179530467285,16.249634,1.9026604,0.09031595859145683,-6.508729235989572,-1.3528874408290323,4965.5044
5895603170909614976,212.46373185732418,-55.6151658954681,16.251604,1.4403963,0.4657705583161398,-5.178734297750122,-4.828163493814823,5910.336
5895580802718810880,212.08190061965863,-55.75656926526766,16.252949,1.4752645,0.4688323936192127,-1.8031016316268633,-0.7028392280982511,6296.445
5895617155326302976,212.1814967596575,-55.600682786631694,16.253515,1.277319,0.4955716557489954,-6.089222602127935,-2.745476864580234,6047.275
5895593240944918272,212.01182102655463,-55.680057848750394,16.254606,1.3563871,0.8445460629433056,7.431721802558506,-1.7039124262014997,5299.7812
5895603205269345792,212.49969223004396,-55.62033308937141,16.255754,1.8669777,0.3822414049481761,-7.872913508080239,-2.8201566576352146,4976.128
5895600800087565696,212.33697120938368,-55.72955353978421,16.256117,1.4911308,1.1304796916906907,-11.820122679043799,-0.9275471761129193,4747.36
5895579462688943488,212.04137048758315,-55.81776282621722,16.257263,1.3194294,0.7796214662550682,-1.6303403987538618,0.32357379291093136,5511.11
5895553933401990784,212.47378826605598,-55.804697767461434,16.25738,1.3338718,0.26501612677237596,-5.071352439735654,-1.7318975470598166,6479.9775
5895600525209851648,212.2420389820702,-55.75363266418553,16.258121,1.9217472,0.1732015645629179,-5.5087329482676815,-2.8790352653370186,5039.5596
5895602861671929728,212.47882099283325,-55.655778441325324,16.259449,1.4606972,0.5260552633100258,-10.101121636968198,-9.209217209893021,5953.1577
5895593962499282688,211.92681983198284,-55.64652969487133,16.260174,1.6399918,0.1038838685274869,-6.507840497494391,0.5827574863530692,5211.7754
5895618735871710080,212.2648084244168,-55.580403835353806,16.260303,1.9101353,0.12527506789400794,-6.394044726477261,-1.9681395997760405,4879.976
5895551596939735040,212.45497272308234,-55.84845261931033,16.262161,2.1426287,2.8709622669348955,-61.92078287008077,-17.463874214950202,5256.7227
5895604614018747008,212.21374233156746,-55.68899665730992,16.263138,1.8604765,0.13302066506823912,-5.498906931240663,-1.7906423209872036,5807.407
5895579428329182208,212.01772214782142,-55.83276476243177,16.266691,1.9162683,0.21498342918483118,-6.953899109990527,-2.447576598831565,4769.4336
5895575202081355776,212.17658946313816,-55.891887656447906,16.267462,1.3511086,0.21912638688840136,-4.6190764032586635,-2.808532062809319,5893.546
5895617155323921664,212.18700753356774,-55.60848436374429,16.268398,1.6920547,0.15752650969748422,-7.349646537540622,-2.1723470253985675,5233.9854
5895603789385020672,212.24063929893572,-55.709397042642756,16.269522,1.469657,0.5168847759678568,-7.32663013254807,-3.4089607740107555,5575.5576
5895579771926619392,212.1095960700855,-55.8109772307896,16.271053,1.3612986,0.5147433417031242,-11.568603931887115,-3.387776485665653,5588.7715
5895579084731686272,211.93594196409282,-55.79497742811622,16.271685,1.2876759,0.4690589588736141,-4.806565348838594,-2.8751233711661266,6067.353
5895600044173491840,212.24438717617517,-55.81760177922098,16.272936,1.4344807,0.3702591093609479,-6.803862763047427,-2.649103138975205,5498.967
5895576267214677888,212.10591513552174,-55.866202761610836,16.273655,1.4849567,1.3274817324127,-10.926132871636604,-9.023285410902963,4879.164
5895621141053595392,212.04918435034995,-55.5371951749489,16.275906,1.7745914,-0.24472508297172887,-8.323353824544803,-1.6087878893562708,
5895552490292950400,212.3808732668395,-55.8409303385727,16.277918,1.4976349,0.3748543802793222,-5.940260399351954,-3.6041400767881324,5230.9375
5895603858104499200,212.21703832959608,-55.69727406669249,16.279037,1.3190804,0.5294472608065364,-4.817462825179021,-5.349492323958375,5471.8345
5895579256530500352,212.06136536497274,-55.83574247632194,16.280798,1.1586857,0.47012566493551566,-2.027651752971123,0.6385003507270806,6353.8633
5895617430201840128,212.1602404033505,-55.58671032504487,16.28099,1.3559704,0.791174085229913,-0.5552392892715362,-1.4706607896980017,5330.1147
5895599288245827584,212.25950870019864,-55.824250573044885,16.281185,1.6419573,1.3015627213330871,-22.320306023851305,-14.164522828976924,4604.0933
5895603514506904320,212.26278862779597,-55.72858016938827,16.281923,1.2327232,0.4314037117313848,-6.461045614206521,-1.582416152657221,6482.212
5895619113828854144,212.26557800117575,-55.52192539515739,16.284794,1.6492987,0.29406908385998065,-8.338795807152756,-0.45169913741518086,5002.98
5895579565768169344,212.05358080825812,-55.81129068927797,16.286383,1.4353037,0.557918891173923,-11.250710410408523,5.475417764294742,4988.401
5895580596560178560,211.97969357466738,-55.77610373768007,16.286932,1.3484812,0.611570817515173,-3.238491750345629,-2.2164474801302103,5734.941
5895605163774439936,212.30074778486065,-55.629402762986686,16.287165,1.3437586,0.7288407577590456,0.3886650264169068,-2.6438669262552086,5637.991
5895553997784456576,212.52485017315024,-55.78463115855583,16.287786,1.3287134,0.7569063007323135,-1.9661019524872816,-0.6659010953380137,
5895602655513493504,212.41044137187177,-55.66746099701687,16.288225,1.465169,0.45160699580514635,-7.190956482091877,-6.471313104671777,6158.6797
5895600731368080256,212.354583630548,-55.74101624500471,16.288406,1.8474083,1.516726052203667,-18.237828144819204,-8.620150250507704,4141.159
5895606709962680448,212.29365850233103,-55.61097090601715,16.28922,2.0751438,0.01780739504604873,-4.878076841968505,-1.8906719635109783,4869.7285
5895617739439450368,212.06332141432375,-55.59839359146675,16.289331,1.326397,0.5734847576672977,-6.228810197896614,-0.920568996680301,5633.6997
5895600525209856640,212.2611332583214,-55.751032803757326,16.289509,2.0761805,0.11213611186238241,-7.319984048439312,-2.303982503063596,4856.7026
5895618667152479872,212.15166572876674,-55.52512290287249,16.289982,1.2688122,0.5930111720795529,0.8898025506804114,-0.8847537004749195,5856.835
5895580420428822144,212.05733841492778,-55.78021563974235,16.290085,,0.11738884023822412,-4.150723742680883,1.8835337524690912,
5895605198134174336,212.27416489736402,-55.635850459946084,16.290676,1.3169928,0.4046048261904824,-7.425295158133883,-1.6517891221267298,6053.463
5895617567640835328,212.19474875354354,-55.55616107012308,16.29721,1.2017908,0.367982286889191,-9.205584622989644,-3.38450718822457,6920.964
5895601178044666240,212.4697571381327,-55.747115334805436,16.298046,2.0339413,0.2910265526368473,-4.333314081437724,-2.121300760337124,4795.0913
5895603067830367744,212.46014578334024,-55.64899070160573,16.298994,1.7849789,0.12978122076644208,-6.726384472968376,-3.4576064206469574,5553.453
5895605850969191424,212.3452592570872,-55.64170488632861,16.301043,1.3969336,0.47255685882036325,-2.563412112713131,-0.42623222995217247,6045.3926
5895606228926346496,212.4789310961843,-55.591777197882855,16.301336,1.9750853,0.02675259583879603,-3.1939583627617743,-2.6841147075062137,5341.442
5895590732683734272,211.89772248041854,-55.80172835403643,16.30445,1.4901838,0.4035232211534572,-6.81784438708168,-6.265728906539779,5621.2344
5895591969634378624,211.89619703300593,-55.723698413483696,16.304802,1.5752668,0.34347891781591333,-4.780770048372153,-1.759200290509916,4840.3306
5895580527840697984,211.98740580360192,-55.79039380295737,16.304909,1.4568901,0.4605735901044632,-7.42796059657062,-1.9484956533395963,6295.995
5895580252962922624,212.00718834377315,-55.80897941758894,16.305296,1.4239454,0.6508542452366012,-9.323315917320551,-2.6120103399834758,5552.4834
5895602518074514688,212.38325343185952,-55.69578075912778,16.306313,1.4277916,0.5759596293280983,-0.8877394428204983,-1.9909085261840231,5331.9995
5895575133361848192,212.11363069562577,-55.90324469116059,16.30632,1.2307501,0.4148164535511767,-2.919782728068741,-3.7220228812030287,5619.238
5895599013381334016,212.26981092700717,-55.85460913552407,16.307001,1.3326645,0.544890032821423,-5.78264827444975,-2.1579310698624683,4812.8374
5895579256530499200,212.05565859539837,-55.83561018498852,16.307158,1.8236704,0.07122579503026022,-7.974993345325724,-1.8331947884412167,4813.804
5895618254835580032,212.14230233929814,-55.56120592043466,16.30727,1.2712526,0.42065425641398846,-5.331194523249681,-1.6305999092384598,5948.153
5895604132982249472,212.31465220056216,-55.66963123564938,16.30751,1.3500862,0.43400321058610275,-5.529189069526896,-1.3711674956165072,5848.883
5895618289195324416,212.14626660194313,-55.556404935984624,16.30849,1.6966124,0.2512476832924913,-6.888702202832285,-1.7203474150048,
5895592656829133184,211.95946733260877,-55.73311920775342,16.30856,1.7756815,0.2026486399793814,-4.269063563596268,-1.0542109947971399,4943.7964
5895602586793999360,212.36162137018155,-55.68940051778083,16.3138,1.801054,0.16190346503877248,-7.615479485838733,-1.7365189093113687,5133.8086
5895619904102839680,212.21082574151725,-55.52069382435613,16.31465,1.8759117,0.21246511641702298,-9.751305113765179,-3.3634685671852775,4908.591
5895593172225434496,212.01419224108452,-55.692267432274576,16.314693,1.3991919,0.3611516274719608,-3.917738725434991,-2.364785166987737,5898.2427
5895601727800511872,212.5387426836875,-55.70253219197787,16.31497,1.5899868,1.0936064697709125,5.626716799923296,-2.8225733765788052,5051.409
5895574652325505152,212.04751365868447,-55.888875777907884,16.316252,1.758296,0.14498634328287488,-7.221002903672986,-4.656723071649896,4931.5225
5895576782629401600,212.15017687086257,-55.80522347248434,16.316687,1.3174171,0.8538984369303643,-5.280610699572037,2.4650469556703807,
5895578771161317504,211.98432965441768,-55.82929669428905,16.317345,1.454649,0.4008758186982433,-9.809284017733052,-3.8369536598095486,5033.427
5895580527840696960,211.97053222110833,-55.79531675523682,16.320803,1.4727058,0.8880260211833876,-17.867178274986852,-4.149234220499428,4930.334
5895593893779946240,211.95298181132242,-55.66219502801944,16.3215,1.6671696,0.12171299332444317,-5.574874599864839,-2.9701300017552184,5183.524
5895600834433430400,212.37728525071338,-55.714988671486154,16.324444,1.7583466,0.2352662135561493,-5.229043637991063,-2.1923342832374804,
5895616811726500480,212.0924021927612,-55.647381317921884,16.325262,1.3581991,0.676503060569532,-14.719136419904327,-1.5053600604911703,5109.0054
5895599460057729920,212.3028562278518,-55.79092294489811,16.32581,1.6557827,0.27045412401003605,-8.36044183177428,-6.26156211457091,5213.747
5895601968318683136,212.49804184508776,-55.70296642910623,16.327574,1.9452877,0.07283243561293865,-5.398004959583543,-3.2510789754710006,5114.267
5895603445787614336,212.20610451731673,-55.73827322682043,16.327663,1.7559748,0.2741802092279408,-5.155088007703808,-2.478004317141455,4883.189
5895597364113417088,211.9259813764527,-55.610928793894665,16.329054,1.1933155,0.4874288602729596,-4.964214855639639,-2.0238830324543637,5567.5776
5895580527845432448,211.97957166477985,-55.7795074318314,16.332373,1.8934298,0.2437303490378048,-7.21074419719371,-1.138555283133221,5022.1104
5895604167342150272,212.25040415960783,-55.69732891816374,16.333544,1.910491,-0.0014960356688941455,-7.102989436451022,-1.8990219215125825,5093.927
5895600456490374656,212.2686527337523,-55.76356563643777,16.33366,1.630269,1.0782109474367298,-7.554119496701144,-4.361866813018877,4530.298
5895617430201840896,212.16911604176534,-55.588962919602416,16.333757,1.4340887,0.8834739826222666,-17.623658052484856,-6.721748207518416,5104.486
5895604064262760064,212.340857991396,-55.6797083444946,16.333958,1.9683084,0.02818106848222582,-5.431034767638292,-2.466540517046571,5032.587
5895576404653786624,212.17597615249613,-55.86215932709441,16.334433,1.9698181,0.09295558919517269,-4.204293775143577,-2.730326843917732,
5895596745638076928,211.87416015758788,-55.66194056521237,16.335003,1.7503643,0.15036252996989136,-5.9760694001952155,0.27456810827788536,4738.2393
5895603789385018112,212.22428581669888,-55.708159903911984,16.338259,1.4266987,0.545066310563432,1.66739585801198,6.791898346006178,6053.29
5895528507194107648,212.27011333414634,-55.89377867341055,16.339693,1.7320423,-0.029577109987203903,-5.773572535389759,-1.0594975197518464,5285.26
5895605541731508992,212.3494586305963,-55.67993942065622,16.340464,1.5070963,1.1286570445812187,-5.626141029385989,-0.459214906575547,5347.1396
5895576645190462976,212.2122798959364,-55.805033821626985,16.344961,1.3131561,0.4484085650888089,-10.958762462514645,-4.527863348981369,5604.207
5895607087919832448,212.35249833531708,-55.56551498096113,16.34659,2.4871435,4.090877185201978,6.128778394909789,-5.796090496485147,
5895576439031984384,212.17718788225426,-55.8469152665037,16.347832,1.3649616,0.6754405336068393,-14.313281420497058,-6.276955504370216,5451.263
5895593653261587456,211.9427325069284,-55.68854997843886,16.348034,1.7785034,-0.014640942483317194,-5.188097916354129,-1.5327491256725916,5020.093
5895554139560497920,212.45124634744417,-55.790240180280534,16.350351,1.8705797,0.19712767305237305,-6.51428274494323,-1.4178894082025608,4991.4634
5895605438652362240,212.27070428068055,-55.61137511024458,16.350649,2.1334753,2.4467783348600696,-23.65037868495119,-2.0148140904303,4255.7334
5895618014317370496,212.042752639092,-55.57406174011199,16.351088,1.6039276,0.47705945855823323,-10.223999763598123,-2.0328805634086597,4896.326
5895605644810757632,212.35158581948397,-55.645284386636504,16.35216,1.6953611,0.4043940436059537,-4.948982845472875,-4.611223354811199,4896.872
5895597467192791040,212.0004683412435,-55.594079396415644,16.35243,1.32514,0.573208677151277,-7.098176614950219,-1.859671893579117,4609.541
5895617808158958976,212.13948757865714,-55.5831414534505,16.353354,2.1105728,0.1355014052008688,-6.136919361117556,-1.637125177876241,4914.307
5895594443535814528,212.03743934393864,-55.60619676745465,16.354486,1.2859373,0.6388953717979444,3.9836805916438696,3.9587042269445547,5369.372
5895604751457688576,212.1489059537362,-55.69145521532179,16.354778,1.4017534,0.598100686806669,-8.769765606716438,-9.605309353656047,5661.8677
5895576679550147456,212.13577898726822,-55.83824544951037,16.355001,1.9180193,0.22217974812877878,-8.172452473546993,-0.8071480409201477,4758.24
5895601109325240832,212.3523797696579,-55.69883514752277,16.355171,1.9636278,0.13550931033965666,-5.28120628198525,-1.95280618985564,4984.4204
5895591179360576896,211.88175132712925,-55.75492224858639,16.35611,1.268671,0.4342511371907964,-1.2674870733072114,-0.8392886501656149,6098.513
5895577675982489984,212.0268407824391,-55.871089932952124,16.356264,1.8255863,0.27743152996547155,-8.519325232138298,-1.8906702934637003,4927.78
5895553899042247936,212.50175033684445,-55.80734783561375,16.356894,1.3580818,0.6200526870650186,-2.237524301976904,-2.525059976068966,5623.768
5895554380078629760,212.49902929114182,-55.742559630328955,16.357271,1.9004211,0.14144248313928856,-7.260362018816949,-3.2606744453751277,4964.2124
5895578019579780096,212.00175943195555,-55.83764927535551,16.35809,1.9063501,0.23674439269186381,-7.567600465821758,-4.292362635174025,4968.6074
5895592416310957184,211.94850896683798,-55.743052318797716,16.358433,1.3925648,0.9794291061939842,-13.302840932446948,-4.718145715292963,5243.309
5895616880445982976,212.08587270727992,-55.625370336688825,16.359638,1.3315735,0.48719311026786155,0.37786962984080485,-5.5747493205177285,5879.5757
5895592003994108160,211.85426296145485,-55.73719755833528,16.360174,1.5659504,0.11457277071902086,-4.509363093473606,-3.622640774696756,
5895602277556337920,212.4165938467787,-55.69973364520646,16.360176,1.3865204,0.6121061414356854,-10.945734306837306,-3.766294304033206,5217.945
5895551940537079296,212.31046915684186,-55.892455547463854,16.361198,0.85122776,0.048643150864137244,-8.435178144936515,-3.406438894541195,9686.065
5895592966067001088,212.0266510252851,-55.7023485912878,16.362133,1.8348494,0.23929878582031078,-6.031310260080054,-6.235681435138826,5080.6636
5895604339140693504,212.31706255931078,-55.65584307119059,16.362185,1.5480547,0.39750992674805175,-4.176146145568393,-2.4683220028992543,4853.6987
5895618632792760192,212.19175080270128,-55.513247047611635,16.362251,1.4187422,0.6985150136984773,-3.4768210279660945,-2.898320020298163,5605.681
5895617430201837696,212.15580937363106,-55.58724412684982,16.362988,1.7302952,0.12271497187349652,-4.642262223847858,0.3945061568825905,
5895606469444537728,212.42266548747645,-55.56608200812427,16.363846,1.8700838,0.31833382410313377,-7.346180410613864,-1.8127398678828999,4908.852
5895618044342623360,212.08665869047917,-55.58248000529278,16.365845,1.749999,-0.008097670232348137,-3.768341587867054,-1.0646416747012037,5205.822
5895621484651010816,212.1082512886397,-55.525723629242535,16.366055,1.6562452,0.20324202383336834,-9.786892768497601,-2.592674100319312,5312.7266
5895576679550142080,212.1341376754904,-55.84344944730184,16.367758,1.2941713,0.5345143165929193,-8.02600806977447,-2.221275286048135,6337.995
5895601418562841856,212.42287896180017,-55.74138891171372,16.368114,1.935564,0.08747208229536511,-2.0269438145054033,-2.5642576971688382,5081.4087
5895604270421207552,212.2693430791843,-55.6681667742679,16.368635,1.8696737,0.06570055735347412,-6.454148938493822,-0.4287693054048468,
5895620969254886400,212.05467161744318,-55.55692039495281,16.36917,1.4226665,0.6738881541893594,-17.05130670673656,-1.4650406864863432,5059.288
5895607225358785792,212.41292655361613,-55.56112711459442,16.370338,1.3923235,0.325065694412012,-7.123153035594405,-2.8990714732232874,5555.1636
5895579153451254400,212.05271801056224,-55.863683073026955,16.370981,1.2620659,0.522415315717895,-2.9729510092408105,-1.0921870752387814,5899.4766
5895592210152562816,211.85898568619865,-55.71086997516163,16.372581,1.7279902,0.3392643714720127,-5.039445489742979,-3.9142469211772726,4839.52
5895602243196579584,212.40143795442336,-55.721213559717484,16.373014,1.3620205,0.2642169796977705,-3.2717300943236483,-0.7045197986829528,6390.1353
5895602586794010880,212.36190919675732,-55.677540686778926,16.373257,1.5144243,0.9719469659409636,-23.161715385473368,4.4335216867729015,5254.0566
5895597329753821696,211.95686558456998,-55.60957791824456,16.374207,1.2751808,0.761503080402268,-10.616563776481952,-1.5955438508015105,5148.6377
5895596779997822848,211.8817340254629,-55.655328518507176,16.37602,1.2365971,0.649322078807523,-16.677896614783442,1.4477689165953258,5565.2153
5895618117396598528,212.07851153454718,-55.56825459016154,16.376106,1.4873314,0.31945709816442935,-6.555435760579865,-3.730803100816167,5348.0176
5895602930391420288,212.51968244530994,-55.638614779475745,16.37689,1.9860468,0.10685263765669306,-5.7716509186293985,-2.523461905452952,5108.5312
5895593859420201216,211.9302086082689,-55.66488467044953,16.379393,1.2424259,0.5268185187129582,-4.273451507764803,0.4005412522282732,6050.9844
5895593034786495232,212.07387845959684,-55.68964812695095,16.384132,1.4175615,0.3297220797026859,-5.520694983485914,-0.24009774194603628,5757.455
5895551867480624896,212.36412591474587,-55.87417133626367,16.384418,1.3181305,1.2504978599582972,-1.5772874044408376,-5.5956798415610045,5059.3296
5895618014317371392,212.04817802053998,-55.5745191558702,16.385483,1.3706207,0.454698406290286,-8.255456426980448,-1.1331753119425114,5020.363
5895581043237002880,212.12738504334826,-55.723199992605345,16.38611,2.042058,1.992264381671632,-2.1549926674528175,-12.448559003789356,4389.9434
5895616708647303680,212.16886880592202,-55.6273771764757,16.386652,1.7431936,0.27347615743275033,-9.24369873582469,-6.987437856019695,5333.8145
5895579668847407360,212.06070451653724,-55.79195444587881,16.389782,1.9089985,0.19398375647884608,-4.813643892682138,-0.5206121822827109,5036.5835
5895605473012107520,212.24942454745917,-55.60446451394969,16.391989,2.0722446,0.2198703043340954,-4.832433865444724,-2.800258082708675,4895.7163
5895605335573273856,212.21052085303765,-55.633376503856645,16.392246,1.4671698,0.6182498927347768,-4.1128650368398265,-4.745867368548357,4971.303
5895618083036878848,212.11571149194108,-55.56120779065372,16.394785,1.2635126,0.7467529418400032,-1.3928705071924095,-2.964434910887519,5662.3716
5895600353411148928,212.2308166994869,-55.77751401583058,16.395653,1.9170609,0.13022963867911078,-7.346897446387079,-3.3710876923534934,4780.8027
5895600662648595328,212.31980667875743,-55.75393358931972,16.396631,1.4077988,0.4186067817176338,-3.013109712033092,-4.860620482627574,5916.5884
5895602586793998208,212.36210260520306,-55.69024919729761,16.3984,1.4698038,0.6706720984967206,-11.67108096894756,-7.843296962219689,5640.926
5895602105757667072,212.53322264889553,-55.66972166074789,16.398994,1.9470949,0.11023767935219254,-7.730398654791609,-3.0875703918507713,4803.5615
5895552730811155200,212.43134166902857,-55.79919791110082,16.399944,1.3464174,0.6080365480656853,-6.690255412198742,-4.594073164145181,4764.0376
5895597192314722048,211.91039374131742,-55.61537589055238,16.401249,1.1871033,0.5667934292865685,-9.75058150972413,-1.8438502961314436,5851.0347
5895616777366790400,212.16555807163215,-55.613304688682526,16.403322,1.8446255,0.05350158979093505,-7.2068083110787375,-2.340184983951198,5007.943
5895616605568068224,212.09516993290822,-55.65730194446053,16.405748,1.3590899,0.5122331591018568,-2.2680363992239276,-0.5330784935142113,5183.746
5895591007561658752,211.87525014738512,-55.775745405964365,16.405848,1.4110231,0.6794240832566117,-20.637226682198833,-9.330413687548198,5419.854
5895619835372713088,212.22682224665303,-55.52469202199855,16.40587,1.4510765,0.6039076034603486,-13.454208881910724,-6.340096866478457,5506.341
5895554758035753600,212.5343947924684,-55.73607528887265,16.40677,1.5472374,0.46652874552924295,-6.90398574841852,-4.424341363777668,5168.2515
5895575167721592320,212.15808116670863,-55.91020658000132,16.408773,1.3177195,0.4567277695719243,-6.861983736692562,-2.10190417756104,5242.3535
5895604167344170368,212.2524526881356,-55.7017628804845,16.408915,1.3190718,0.6794174913198551,-4.842394319537476,-0.4267426147330995,5268.66
5895596779997821440,211.87821075057855,-55.656703907963845,16.408916,1.3588591,0.6213135284693527,-5.909933213275776,-0.2272777520248393,5158.6987
5895599666216162176,212.43445266065692,-55.77563838277256,16.40938,1.3420668,-0.4885289437540261,-6.317196652123975,-1.320276321349319,
5895594374816321280,211.9889436753392,-55.6213874908774,16.409437,1.250948,0.41610027431827495,-8.019745603711389,-2.0828866695475177,5378.095
5895579600127916032,212.07267910428376,-55.810559427116196,16.413424,1.3416786,0.40244684392857494,-6.408478326925512,-2.522817339529755,5552.3433
5895599460057729024,212.3035063643997,-55.793349489797734,16.415558,1.4486532,0.5002270437577082,-7.825759275340304,-0.3056236622860864,5639.8174
5895599150820076288,212.32219373258704,-55.816933227043435,16.416471,1.3555107,0.41123031915196107,-4.111917033714449,-2.8411067210976277,5480.4688
5895605679170485888,212.3926772046858,-55.652911000841726,16.418299,1.7307959,1.0534229872476073,-2.8803493856105584,-6.95841699079713,4487.296
5895599838017055744,212.3193933526602,-55.779631165834694,16.418673,1.3487778,0.27922215607431683,-5.105346122923612,0.3068838441325705,5322.0825
5895601143684911872,212.43896193598448,-55.775628038272835,16.420675,1.7546692,0.08828204489906481,-7.622346988246159,-1.5820057901357152,5368.5024
5895580905798038016,212.09005231352327,-55.74004512664498,16.420837,1.3126802,0.2946465764975788,-5.169003131408076,-2.0859316128976833,6660.9277
5895576576470968448,212.22571628621492,-55.83309887098872,16.421188,1.3192692,0.49286414205992213,-3.2797997911270675,-3.6281577196611563,5195.1357
5895596951796537472,211.88409915987756,-55.63491995580254,16.42347,1.226718,0.3907002579252215,-10.503762055899127,-1.2798676299045266,5645.393
5895618491019273344,212.15507408241152,-55.53815226774869,16.426394,1.3683281,0.44387710167847283,-8.891451392480487,-2.553494094234697,5625.4883
5895603445787613184,212.2055754943147,-55.74128652471289,16.427639,1.3634138,0.3324971449149983,-4.6384215656568495,-1.0257937057665028,5376.017
5895553967761739776,212.49115988593155,-55.79109860489869,16.427801,1.3918219,0.50117602208327,-9.139266464527084,-3.0264762962743763,5828.241
5895616777366781312,212.16130974871982,-55.623062765777384,16.434484,1.4211454,0.5676118236774922,-1.4434662837513603,0.076638147003548,5569.9497
5895551837463433216,212.3930503359988,-55.863162622828426,16.436016,1.2943964,5.609207198136398,-15.292211311941863,-3.949022390669793,
5895618392274571520,212.18467227602514,-55.5377267404034,16.4368,1.7971115,0.11008961034506407,-4.908247824898635,-0.6707308711702634,5090.9663
5895602861671923200,212.45739966400566,-55.66442891810455,16.43899,2.1042929,0.12055769629845219,-5.902208121667394,-3.7498003777687208,
5895581008877259264,212.11313450500188,-55.733311513856464,16.439287,1.3549595,0.33779443649927066,-7.070793980711919,-2.003446343565531,5786.6577
5895620969257259136,212.04616895228548,-55.56500447797962,16.440136,1.843976,0.10524246789450012,-7.38232699725765,-1.9735608051836175,
5895600044173492992,212.2501101011303,-55.81486082423985,16.441967,1.7125578,0.21613014088963595,-7.573688606777737,-2.137882761558655,5117.1567
5895592038353868544,211.88823481833032,-55.70999751043347,16.442286,2.1293583,-0.017712579677385647,-5.5041944179975575,-1.6569862587428479,4922.583
5895576129775508736,212.0585351338381,-55.89482379468331,16.44331,1.3821669,0.4143383528710879,-6.587295780096158,-2.899114947582375,5050.1475
5895576232854861824,212.06579038910172,-55.86896355447802,16.443705,1.3831558,0.45374366922794596,-9.139712962827998,-3.3042212206246644,
5895592725548623104,211.94963808172378,-55.7191049313995,16.443718,1.3496618,0.46797413605524946,-8.471900381388098,-3.417030316304892,5202.665
5895618117396596864,212.06239034521099,-55.56446016236897,16.448538,1.7983932,0.15715843892470832,-5.392757346522065,-3.104406924701343,5020.5806
5895594409176054656,212.00481640697308,-55.633365399581095,16.451103,1.2825794,0.250250983251174,-10.01452678474388,-2.070598786304273,5622.6694
5895575614398353152,212.20359909004424,-55.87734013568397,16.451448,1.2449598,0.27739102204745053,-5.760834241424672,-2.85064391458573,
5895601074965487872,212.32264891608904,-55.71519741620308,16.453634,1.9285908,0.2649559398915593,-4.833492576600035,-2.872511681086749,5369.4336
5895591145000633728,211.92002701408703,-55.74921033713523,16.453653,1.3600693,0.7911826488001479,-5.547050828983103,-2.822597685282555,5186.5415
5895605266853792768,212.21556396211565,-55.648470472084256,16.454866,1.3801384,0.4692196880871019,-5.4825917636999435,2.4003029491808947,5944.425
5895605404292618240,212.2437525239623,-55.62076159630338,16.45609,1.4112864,0.40266023326682554,-10.91909595522339,-3.182661876089794,5045.1704
5895601315483628544,212.4934535392848,-55.733536067524625,16.45665,1.4542952,0.49201137398133,-3.5505935000429236,-0.5854079584243151,5585.8086
5895603961183527936,212.26911683982132,-55.70335824279364,16.457115,1.4279938,0.538610277594569,-9.734140584732334,-2.991334002483084,5744.7373
5895600009813570304,212.3886802334342,-55.7426128825227,16.457254,1.9892187,0.11410867182059983,-5.138059355140054,-1.8271742013402452,5117.9546
5895601452924766848,212.4473440838814,-55.734417290691844,16.458803,1.4351511,0.6209521418056512,-4.105427753140664,-4.633993145138639,5527.302
5895575786196961152,212.2025390808059,-55.84921687204812,16.461887,1.4076824,0.5177229939124252,-6.655108588922232,-3.434130048888964,5089.5605
5895592416310949888,211.9415912175385,-55.752033576767865,16.462019,1.4207897,0.2999139517089531,-4.860387333445565,-3.680520176265416,5842.6475
5895552043616330240,212.3197432265361,-55.861947986491124,16.462914,1.4124727,0.22668793774440085,-8.32031169552485,-3.3948277212143982,5741.5845
5895604644044511104,212.170126779463,-55.682778855917974,16.463684,1.8681002,0.19343823001622223,-5.125949904244036,-1.9609221206801752,5057.605
5895580871438282880,212.06112820751449,-55.75425160344231,16.464582,1.5416393,0.5850795116840041,-10.357851288674215,-5.0272658377577475,5507.2505
5895577950860297728,211.99063869208845,-55.84965573743379,16.466103,1.4346466,0.8896782189336648,-20.934449513290655,-8.034971499266346,5117.533
5895617120964188928,212.21606586099182,-55.61124632850457,16.466936,1.3974342,0.7467179410506547,-23.328161130560677,-0.27073367802852466,5335.56
5895617602000589440,212.20965486623075,-55.54585947577705,16.467901,1.819788,0.13803135798808702,-9.482067755397685,-4.3637435162593174,5013.3203
5895602071397931648,212.50887826864152,-55.66819625923266,16.470419,1.454524,0.8033140367994731,-6.444905184930489,-0.9713738185346166,5689.696
5895602621153760256,212.38830810686062,-55.664213055997465,16.471718,1.5177431,0.8909425468174814,3.9318002639633685,-3.170892908957595,4922.9556
5895579187810997504,212.05913111383896,-55.86011617844101,16.471954,1.9024725,0.15683811386387228,-5.222571121713473,-2.304370245553242,
5895605163774429184,212.2906437762369,-55.642356267429754,16.473179,1.4596472,0.6133404102397763,-7.932480299521946,-5.365843052135567,5041.0537
5895605988408168704,212.39340381835248,-55.61193605971684,16.473581,1.4228544,0.330499368636145,-8.362496533974241,-4.865168885724641,6574.2153
5895605782249884288,212.40691204070404,-55.625986066156166,16.479471,1.4082603,0.33631216903130895,-7.949380453361896,-3.4860210788623704,7155.5396
5895580046804552576,212.0981798134369,-55.78106576230873,16.47964,1.3774872,0.754534498660539,-5.743704953972297,-1.4607125475609677,5412.2925
5895618220475851392,212.17039705229968,-55.56161628112272,16.479755,1.4576988,0.37718010487504927,-1.856358023847125,-2.684300687243374,5258.5005
5895580459121389312,212.03182706011305,-55.78298460212108,16.48005,1.4817228,0.5190197502957067,-7.778958215188363,3.641403693660142,5984.2534
5895581008877262080,212.10647138555933,-55.72642071910381,16.481417,1.3861027,0.308007861163622,-3.0016206007571062,0.03677050193547539,5232.1035
5895593000426747776,212.0533270220831,-55.69658657030447,16.482576,1.8408728,0.0506330390106656,-5.293836084895944,-2.9533890090708543,5269.777
5895580149883800448,212.1650611240659,-55.750661401718716,16.483652,1.458951,0.25583031617678115,-3.950902941893543,-3.4579317967403167,5409.3936
5895599666202132352,212.43438294290837,-55.7757885838318,16.484947,1.3592281,-0.7491822231038104,-11.495189727846,-1.853275936155386,
5895606881761400960,212.36341905215863,-55.566583679838594,16.48655,1.3976698,0.4150266756218279,-3.94397642007976,-3.23685191445366,7089.397
5895579806286393216,212.133274724284,-55.778361539712904,16.489334,1.5392313,0.30870013671489305,-7.827783756301586,-0.2635619207367766,4929.4165
5895601762160245632,212.50974537010873,-55.70917218720925,16.48952,1.502409,0.7399119850764191,-11.40248213409989,-5.693348286548428,5275.974
5895580733999310080,211.99559351060046,-55.7573774673708,16.490074,2.5296268,4.411067181898401,28.937439318085215,3.5704361052417872,
5895605850955538432,212.35724284871907,-55.63726482583048,16.490889,,0.6150315894921101,-4.100154480183487,-4.154250768991632,
5895606950480874624,212.31323479623646,-55.57542469364218,16.491148,1.9306068,0.027800745478474675,-5.39721165336824,-1.761445384517203,4955.214
5895618564073264000,212.14298919176753,-55.52331122827656,16.492199,1.4470291,0.23293010516854032,-7.245939087447397,-4.562873876239369,5127.7275
5895554070840965760,212.51095678234668,-55.77482898815072,16.493237,1.4368,0.5851044170999979,-5.075900778414336,-2.3540118143363156,5312.9834
5895606400727134720,212.42596353712793,-55.587478613968116,16.497753,1.5900373,0.43271009291173684,-9.658443112128452,-3.9672375230621713,4881.9507
5895606022767908608,212.37548499833005,-55.60991247243498,16.499586,2.4544525,3.7735137732587494,-26.746347489809644,-13.539564213975062,3738.693
5895599872374598016,212.35251884847656,-55.773625532025974,16.499918,1.9950094,0.03626313238334718,-4.495412750074917,-1.66610101828537,4925.186
5895601521642308992,212.43377427891923,-55.72388991649881,16.501156,1.5135727,0.3373229069784557,-5.746160218609363,-2.429873259742711,5243.4355
5895590938842181632,211.91819813256527,-55.772807694114555,16.502012,1.4528389,0.3288256323200196,-13.642488221162964,-8.011855299192156,5056.653
5895604300447128064,212.29973139026364,-55.67659171044648,16.50265,1.4439363,0.4037236066225855,-5.929540173598293,-2.677333255705429,5615.8794
5895579806286384896,212.12460761241394,-55.788490741810634,16.503431,1.3001575,0.1799259498825262,-4.801195770995941,-1.6985657594896084,6184.3096
5895601968318919424,212.48473277363078,-55.69421474653143,16.506474,1.3769217,0.4849487994299921,0.0718987498338946,0.8381724550039334,5785.1523
5895580115524049280,212.1374381114884,-55.765260909592165,16.5112,1.7805948,0.2977746437641629,-5.40036735779891,-2.280304910766267,4954.1094
5895592897347514624,212.0393751117218,-55.722690179709744,16.511372,1.2081966,0.3632371356053208,-9.305596858532194,-4.06679562020649,7151.5063
5895593550182538624,211.91196381808425,-55.69412179300209,16.512823,1.7213955,0.06313967492386569,-9.067922391410896,-4.755999103557395,5228.494
5895579497048664960,212.0217075162416,-55.82750199887985,16.514833,1.3946285,0.34503858423195005,-7.982266137617005,-1.8915649003938129,6307.1313
5895605129414689920,212.27964725002008,-55.64384658805491,16.515427,1.4508343,0.3567494343802934,-3.853386528433612,-1.7442499055027616,5877.191
5895618834616640896,212.2787077934585,-55.54455999878969,16.518925,1.300106,0.5566444261718071,-4.9819653278824685,-2.0643314739897747,5564.094
5895598974681946880,212.30733943972072,-55.85159282933094,16.519339,1.4344778,0.43061296622083867,-7.757598641288483,8.68481216387575,5770.178
5895617945597896960,212.0697449548956,-55.57847776617541,16.519445,1.2521305,0.38669272787887726,-6.631468590980456,-0.45886150535523185,5619.0312
5895576572138067584,212.22757237763213,-55.81534422651923,16.519854,1.8206053,0.08043102305296207,-7.46070539929754,-2.730921157710519,5048.0767
5895597364113421824,211.94017525141925,-55.605283906154284,16.522545,1.4548655,0.3264916437480335,-4.619565949863767,-0.14632017752860801,4704.407
5895616674287552896,212.15920521366684,-55.64960575920636,16.524307,1.2867403,0.37857878701026476,-7.235045220147548,-2.2262584842251596,6098.359
5895603342708386048,212.19070743330553,-55.76827264050761,16.524624,1.5263872,0.5036741042589484,0.11189468876545705,5.608112914422568,5733.8643
5895597638991339008,211.9167112975396,-55.593173385059465,16.525028,1.3084993,0.6513715047324751,-7.3513187133437015,-4.264873984043937,4475.0645
5895579875010467840,212.18611904084892,-55.77482511119992,16.525251,1.3796053,0.5820307269456135,-4.298571507750285,-2.726037875632537,5646.41
5895554208279998208,212.44870260573288,-55.772067356957464,16.525257,1.466548,1.0839541385419458,-12.083020421315464,-5.361802554054397,4798.878
5895592313231799168,211.86649974051696,-55.68761923246543,16.526966,1.2807703,0.45269104903858776,-6.909734362679878,-3.835436091074812,5458.196
5895618048677128192,212.09025500215782,-55.56551676155334,16.529657,1.2552166,0.3668836669882793,-0.30901962097702057,-1.3629207164429478,5885.715
5895618495353768704,212.13860625289686,-55.539636100146694,16.530043,1.3959599,0.8815760656964191,-15.972575439466514,-0.9862611708421083,5238.035
5895592931707268864,212.05009002649504,-55.70040820303732,16.532236,1.5095348,0.9482374678044441,-8.77839548040238,2.180593846740882,4954.1504
5895616949165464960,212.12302432725,-55.62422785638286,16.533077,1.8376923,1.895614092981243,-34.165130958802706,-16.34060797284067,4412.3677
5895603995543274752,212.2744292745672,-55.694290502398694,16.53466,1.4052544,0.46557339536937,-8.170879427355759,-4.283666355574347,5750.714
5895601556001812352,212.4606162845139,-55.71614110512905,16.534773,1.5115051,0.8843706787791504,-3.6507488794736576,-4.364898669305894,5305.9297
5895606778682169344,212.35669563191507,-55.591755164824804,16.53587,1.9149647,0.23248724783495295,-7.579961589722134,-2.468899557819313,5029.4717
5895552730811166208,212.44312380678153,-55.7853316232425,16.5372,1.4008656,0.6328258251053929,-10.049802159732812,-5.90342420067495,5189.5005
5895599082100593280,212.32016737658483,-55.84679295500071,16.53941,1.8026419,0.24254488246425954,-6.760076654106385,-0.7072849648412641,4891.356
5895575129023481216,212.11800258734291,-55.90441382719097,16.539686,1.2913427,0.671442485169536,-6.336753480660332,2.575900899970805,5448.9326
5895554311359146624,212.51435516414057,-55.752547602803794,16.54026,1.4403391,0.8974500504259529,3.223082408198475,-1.1494212321854664,5468.393
5895579531408409472,212.0279983617658,-55.82247882776931,16.54072,1.4516058,0.9573275726225058,-6.2223161940882425,-5.629764436462416,5090.5835
5895617327122438784,212.2287818088157,-55.5764809401758,16.541428,1.4400797,0.30157529414746,-7.205353452643695,-2.595134759165238,5953.9355
5895599666216161408,212.4203450771535,-55.77817330801696,16.543455,1.3928041,0.4154984243548743,2.382959002745807,-2.5750654882938564,5166.002
5895605713530406784,212.41171518138785,-55.637087452370444,16.54361,1.4718618,0.8595195385183163,-7.7413837825444185,-3.207184758735206,5328.9443
5895581318114913408,212.1176030082296,-55.693939304436334,16.543932,1.9170675,0.12067415571076455,-7.227196110606364,-2.8225566482920383,5022.2397
5895616811726502272,212.0870021238086,-55.640608861706475,16.547142,1.3384991,0.2823843635299994,-0.7643400560869378,0.22395388038885872,6014.1343
5895592862987783936,211.987074520472,-55.692586769833184,16.55003,1.4832792,0.5557891916105746,-6.215831753840451,-3.789396403273761,5546.942
5895576129794265600,212.0751647090013,-55.88410876292014,16.550098,1.3186979,0.5424320123500181,-1.2978272184823325,-2.027868733732565,4975.634
5895599219539768704,212.27536245161855,-55.83410355344641,16.550339,2.6380577,3.6852115260828993,2.8401577619873617,-31.026464827778597,3655.9417
5895618495353764224,212.14439534640056,-55.54641215940838,16.55209,1.3673983,0.10914728779774596,-8.969607305111943,-4.280470710151372,6445.8457
5895591076281145472,211.86463436343286,-55.76737677272984,16.552738,1.8571138,0.18631774788822386,-6.216130201725855,-2.611369009715357,4754.3706
5895594237377376128,212.04003869789727,-55.62558888936827,16.55347,1.3321791,0.8390460959595546,-13.379143162358828,-10.317179043756866,4835.9956
5895576610830710528,212.2021440871589,-55.82190108623657,16.55372,1.4036007,0.3793660753965382,-6.931361388030206,-3.346827269345962,5619.892
5895599769295375872,212.35189133075409,-55.785692686308224,16.553904,1.2680349,0.478989680889259,-0.3025923254874785,-1.6855054229528532,6012.56
5895597570271856000,211.93284188496432,-55.60085152674324,16.554003,1.6594944,0.2724132635032092,-6.366919342318008,-0.6821151932443512,5011.094
5895591110640875904,211.89422436754634,-55.77244871525449,16.556187,1.4242725,0.39101035956879676,-0.12292701867174227,-1.5875815440800465,4981.3184
5895575786196968960,212.22506997186494,-55.84912535965594,16.55766,1.3975325,0.776916976645837,-1.8397376659574471,-1.2023435990899958,5221.5586
5895593962499288448,211.94757508206362,-55.64004318326926,16.56197,1.2354193,0.7158427748770596,4.492293138619555,-1.5785844195511483,5388.8706
5895605541731523456,212.35535492398733,-55.66563174600727,16.563187,1.396512,0.434623374267341,-6.349822638495725,-3.382605387899906,5661.6562
5895604373500433280,212.29534905994473,-55.65555615876317,16.56359,1.7941914,0.1760249810628238,-7.036743111545509,-3.074179943598728,5060.749
5895617739439457792,212.07990462806995,-55.593267455161744,16.564125,1.3471804,0.3862293340826978,-8.598740008780196,-8.2657893189266,
5895599528777204480,212.38763811852365,-55.79063083713509,16.566078,1.8454704,0.27912902291287156,-6.590277680987418,-1.931513781564059,4927.433
5895600078533236864,212.25973551421362,-55.803050130004344,16.567211,1.4842291,0.3462943585471925,-6.288063782040925,-2.7890152538531683,5033.993
5895579840646133248,212.16249044087772,-55.78698285313219,16.567574,1.4198818,0.44671120593604563,-5.270280268915753,-8.23432986962882,5705.2314
5895603720665530496,212.19226374481798,-55.71681278964486,16.567919,1.4841223,0.3879307543491598,-4.862448848390779,-1.1614872833823022,5035.0933
5895577744701971968,212.01884813434117,-55.8626034359396,16.569073,2.074854,0.21767565327954813,-5.740578327578218,-2.0186165379319423,4983.3315
5895580527840698752,211.9658725149359,-55.79026413655839,16.569403,1.5446262,0.5136375396892193,-10.130568171729466,-4.3928280683322125,5664.9116
5895591935274622208,211.87722639967637,-55.74655984520904,16.570019,1.0199337,0.18017404065198972,-7.903048779609479,-0.6202047412658399,8520.62
5895603995543278976,212.28903965782212,-55.68824084625718,16.570303,1.2093649,0.19128312716237902,-6.793114923104151,-1.659120387281229,8674.003
5895605541731515392,212.3498041198979,-55.67420437118688,16.570456,1.3939562,0.7108873165200091,-8.560381740862502,-1.6202743506316524,5597.3506
5895601143685234560,212.44737617681952,-55.77208384252428,16.571384,1.315239,0.5963356365680128,-18.855880478032397,-3.1306649457116023,5015.6465
5895605919688689152,212.3372859157505,-55.62084417905927,16.571796,1.511651,0.5024804707892342,-8.035396945185521,-4.597229227791303,5517.4824
5895580390401910144,212.03154802921267,-55.78496832737447,16.57267,2.4086199,0.07408146015222647,-5.383937601901957,-1.5711014869717892,4473.701
5895604717097945600,212.13611451531824,-55.69568635330036,16.575022,1.4872265,0.8073136547318681,-25.38086858459236,-13.359808658932572,5084.1987
5895592622469396096,211.94087269395348,-55.73336691371936,16.575825,1.3340578,0.4636129304258316,-4.8921639995817525,-11.990633597579759,5269.6377
5895594306096829568,211.98633545179538,-55.640627903003185,16.576418,1.3143749,0.4240604783750514,-3.8147814944088823,-4.915822250262021,5522.4307
5895604132982244736,212.3275017898702,-55.67232265221791,16.57685,1.4176903,0.4128789715857467,-6.832623115738064,-2.7699388160907685,6052.9976
5895606984840606208,212.27468959038322,-55.58841845392966,16.577286,1.9700556,0.11908517813799438,-5.044319829608264,-1.9226572812609508,4776.288
5895617120964192768,212.21309517200106,-55.60585489075936,16.579329,1.4249344,0.7433493464786736,-6.5068832404558385,3.820730071456845,5207.414
5895619216908072192,212.26459251853413,-55.51675982882017,16.580215,1.3588924,0.6152565397487827,-6.660961936159151,2.4130040648336086,5329.804
5895592858654247552,211.97133569680304,-55.692202416035144,16.581823,1.4098186,-0.2928726274577852,-2.5745042262994575,-3.544100884924648,
5895604820177229568,212.13084051009938,-55.67297100320073,16.584034,1.4524393,0.3773867241881224,-14.036911327042974,-5.155614461049858,6024.7686
5895600353411155072,212.24481783652467,-55.768865292118704,16.586143,1.4734249,0.592500205838424,-11.980866895999807,2.680889426604831,5560.253
5895603514506899584,212.2644459146047,-55.732055467833014,16.590805,1.3737593,0.5095290182032511,-7.997010170107072,-3.370706657103926,5702.5195
5895605473012109312,212.24094190862508,-55.6031623429345,16.591213,1.3413353,0.24950546460747394,-7.243223733214829,-5.539678112941189,5452.751
5895597359780098816,211.94338986470837,-55.609181901167936,16.59341,1.247302,0.4060151119383657,-6.628088298100167,-3.9198587139937375,5344.871
5895592347591454464,211.94612483936055,-55.77082838369471,16.594383,1.3713207,0.52232706264851,-4.512719006374978,-0.7842142338786057,6039.8794
5895576129798935552,212.06373594604432,-55.89139518299222,16.595219,1.7566938,0.12278008292756724,-5.617007082816388,-0.6323072776765502,5320.435
5895554345718890368,212.4981260240611,-55.74479409321755,16.595778,1.7046156,1.1652814767949065,-16.69438732515701,-6.985139559671395,4587.026
5895575270800830976,212.16128663840803,-55.88810586178275,16.596134,1.6604862,0.02264970612974585,-5.532208023168946,-2.301227543480974,5440.3843
5895604614018752768,212.22506586229002,-55.68021127460301,16.596834,1.3994465,0.5104741580034986,-7.8596870891927555,-1.6070536321262998,5061.227
5895606469444659584,212.43036001752813,-55.57372505052748,16.598888,1.5917835,0.4543085653661929,-1.217199376529308,-1.7315190924162691,5412.0728
5895601418562843136,212.41538684022782,-55.74044818604604,16.599703,1.7965956,0.2714620726126877,-7.514251357835487,-0.5354683105089793,4858.335
5895619079469108480,212.22420663660446,-55.5413033949247,16.599998,1.4182825,0.2981039864808913,-6.632769994988241,-2.007674807564719,5032.3657
5895599872360586240,212.3537138411554,-55.77228207524,16.600685,1.3399696,0.45118129838804744,-10.194734624570472,-1.5098274790366895,5854.9062
5895593545849020672,211.90925278209426,-55.691767619322384,16.601036,1.450552,0.7137987275625534,5.1631124133736,0.9476929515626021,5079.7935
5895575305160557952,212.19454272967482,-55.90967336714625,16.60129,1.3116741,0.5732878158540854,3.565812135548712,-1.5818677321568548,5418.2563
5895596883077040896,211.90389697662246,-55.65111382094574,16.60157,1.2828188,0.6510546686313109,-5.07598241687534,1.1277267975198308,5347.6562
5895604476579777152,212.17418158117644,-55.70826590095833,16.601793,1.3561678,0.5747112679945796,-4.798119500235591,-2.761252654391938,5611.765
5895598979021378560,212.3167224025017,-55.8445093875026,16.602295,1.3295527,0.5240150729797768,-8.094647002757677,-2.7183967764679604,4606.1357
5895576920068378240,212.1923689748676,-55.7870467499364,16.602798,1.4101334,0.43041231222194437,-1.4644137490628033,-4.274702866021004,5003.587
5895575305160570496,212.2112421272668,-55.903927901219056,16.603107,1.269166,0.1819649057382711,-8.73762510273321,-1.338748796189497,6734.4097
5895618117396611712,212.07569013448767,-55.5537525488606,16.603159,1.8464594,0.2115280704014119,-7.004016554939881,-2.0787512255418643,4844.794
5895580184243532032,212.1352939673658,-55.75537505624819,16.60317,1.7301626,0.30577966523904837,-6.3463311125661,-1.7089661449670175,4986.276
5895579905032744704,212.14615105593342,-55.77761221389387,16.605297,1.4325428,0.8359701449261271,0.8276661345374858,-2.4519452048589754,5242.7275
5895579016012206720,211.94270370718831,-55.80465989628867,16.605375,1.5127306,0.7439737630521859,5.66527137941285,-1.9171644728953674,4846.329
5895605473014195456,212.24047430686062,-55.612778717466824,16.605637,1.7398186,0.26097913682985846,-9.947586844507285,-1.2489582531010675,5158.8315
5895598944661857408,212.2900394369507,-55.86083891527049,16.609333,1.9796953,0.08875316041568998,-6.085087399582492,-1.2452511724879396,5085.134
5895599288261306880,212.25025771893135,-55.826693971530105,16.611528,1.5119524,1.1269120321871546,-15.2031446072347,-3.5857284145808466,4489.489
5895599219539768192,212.27926366945556,-55.83703020819899,16.612545,0.79151535,0.21168895408188013,-3.3814408358230104,-0.6641581283655132,10147.456
5895602483714998400,212.45605428499238,-55.664186254039286,16.612753,1.8002367,0.29285773000405313,-5.412049577209684,-1.8391274680322744,5108.7305
5895605473012097920,212.23457139471824,-55.61792618855741,16.613016,1.3757648,0.5435305180221922,-5.8566585138242,-1.1610705270031525,5264.9824
5895600112892970240,212.2186228174514,-55.80291598431218,16.614452,1.4246845,0.3721797550230104,-11.545311140154702,-6.959350935486295,6004.376
5895617602000586880,212.20745764416304,-55.548015085888565,16.614601,1.3221312,0.593179784534517,-5.856964520082886,-1.2182652676273942,5396.7993
5895552696451419776,212.40781952984526,-55.79854630112208,16.614777,1.3630714,0.4199345850080879,0.3905144636002039,2.786584815876013,5800.6333
5895618426624482560,212.1955324720257,-55.535446291759285,16.615448,1.8761854,0.2691137551677481,-6.53879344621221,-2.8050303432797468,6590.3857
5895605507371848320,212.24977166470322,-55.60216201309905,16.615755,1.5159864,0.5885982071368341,-2.2278278625573655,-5.553071989927665,4706.618
5895602380635777664,212.42770109792602,-55.69278505437922,16.617292,1.4498739,0.6702162542994572,-2.743325505540602,-0.0033024956788486716,5536.233
5895601418562842752,212.42259767003824,-55.740082606443124,16.618303,1.8036308,0.29820674799005414,-10.069484883867727,-4.357768452380229,
5895616914805725184,212.09235523140325,-55.61763316732249,16.61894,1.7047338,-0.0261545048756312,-7.253702831127907,-2.253403998711396,4967.9995
5895579840646131712,212.16801151362938,-55.78984567349449,16.619158,1.8141966,-0.009961261219172736,-6.196038006137574,-2.4982998388702553,4996.9355
5895603269655069952,212.49245082347352,-55.6061676520441,16.620451,1.4073925,0.1994015370879172,-1.5254129022608862,-2.1702896404607666,8923.668
5895603342708391808,212.20363522615403,-55.75768490224543,16.62053,1.421505,0.7405025361024966,-6.339942927609653,-2.499468533984162,5370.094
5895581249395435904,212.11839647395772,-55.70729546027967,16.621605,1.9040289,0.12811151372293528,-7.868157574181024,-1.846273634100939,5035.7373
5895616571208333952,212.13061915669,-55.654402845666645,16.623478,1.340066,0.2644466830946907,-3.8438585923794575,-1.6520752775651735,7194.855
5895602552434274176,212.4002640775426,-55.67308029489759,16.624182,1.8241959,0.3431104612392422,-10.031049229559047,-4.176050741214741,4689.879
5895593717647717760,211.89324370283998,-55.689101357960496,16.625828,1.823947,0.20127709929502702,-6.643851031795803,-2.153514764960488,4884.527
5895600422130633344,212.22775141428727,-55.75897027501891,16.626183,2.1512089,-0.12088643243593956,-3.2885202919094003,-1.1595367875647264,
5895579187811016064,212.07113321053214,-55.847460364649045,16.626932,1.4931602,0.4436283064093635,-1.7054830654233621,-4.316996217115065,
5895528404114889984,212.24390596821877,-55.90077132232415,16.627045,1.2040739,0.34007550575154966,-4.1497458500394515,-1.6365501295595704,5721.752
5895593687621516544,211.9637850307628,-55.66500411111389,16.628136,1.3220148,0.5135847873662648,-2.3456904459584935,-2.7918525977206774,5484.4624
5895554242639667584,212.47433886480732,-55.761817480539,16.629309,1.3281746,0.4827753634001119,-2.8127551387822267,-1.4506621220495617,5529.144
5895552009256699648,212.29624411988206,-55.88285469417478,16.62987,1.4592915,0.5870170247201966,-11.81040772620062,-4.550715971620777,4789.506
5895592381951204096,211.96662804973934,-55.75826142087042,16.632065,1.4975319,0.43271441532475624,-2.767285618820588,-5.167989791469692,5731.611
5895577950860413952,212.01418388046866,-55.84787810851033,16.632563,1.8299942,0.09410034281840671,-6.8684583963115635,-1.8801051640860829,5064.704
5895575270800826624,212.15155578156478,-55.88807839164716,16.63678,1.6801386,0.1640850480774403,-5.0374609633178125,-2.617101906290947,
5895576920050255104,212.18519273149377,-55.78386980015246,16.637781,1.5778284,0.4400053792035941,-11.256285830209311,-1.9540805532023946,5156.289
5895599253899288960,212.2893051333535,-55.83031525076005,16.638687,1.8769884,0.13755897783290538,-5.50575930603706,0.00862619633617948,5002.8564
5895602037038176128,212.49078391435626,-55.68778544995207,16.639208,1.8832397,0.044752324441417884,-7.115187109308787,-1.1987436976024073,
5895593756344342912,211.89890718786003,-55.68134394749369,16.639389,1.4740343,0.25836255105975264,-9.860218557470759,-2.638936423276404,5558.684
5895575820556719488,212.22432695242102,-55.837704210961626,16.640387,1.4408674,0.43859750874308817,-6.469096073096025,-2.551596268510396,5084.651
5895580940157773440,212.11086032170692,-55.75142287179251,16.641954,1.4447994,1.344725143221033,-4.21573857982238,-3.0587232289489075,5124.719
5895594443535807872,212.02288784234506,-55.617752284043604,16.644943,1.3108397,0.3833602526134584,-7.1288723239610565,-2.1197709324997773,5632.413
5895594477898913280,212.00647312362298,-55.60452137973903,16.646338,1.2305355,6.366486591048352,-12.794089034605479,-7.736058802818009,
5895600731354130816,212.35490356260482,-55.74365497216579,16.646473,1.4769192,0.4595383655007055,-2.1852628663252958,0.1326307754558358,5261.7173
5895579084731685120,211.91562610743824,-55.801001019555095,16.648397,1.4768019,0.2506132161362892,-5.526154646155072,-3.712719489582396,5788.5005
5895575305160563584,212.21546046721554,-55.91085826777097,16.651003,1.3960648,0.30517704473256585,4.925226806860036,-2.145029476686055,4993.549
5895575751837242368,212.25552330288747,-55.84852645987194,16.65653,1.5859251,0.6593863148956701,-8.595446535078686,-1.0817684594255386,4734.557
5895616983525213184,212.13969669440493,-55.61411241884501,16.656937,1.4328299,0.6572501466651824,2.0572790475361757,-0.9116546607559062,5000.4536
5895606709962684800,212.30038005120247,-55.605496010747174,16.657192,1.7719755,0.3093595526333045,-3.069052849190995,-2.275250413059518,5056.2534
5895593859420038528,211.9348128370137,-55.67118044236308,16.657223,1.7119484,0.11354272781298279,-5.8920600750502015,-2.2799859630868378,5139.8804
5895580046804556160,212.09426788672047,-55.77344318097536,16.657753,1.9596834,0.11624004320818807,-7.902267366400583,-1.502369095387791,4722.261
5895551837457884416,212.3905163162482,-55.869052086452285,16.658041,1.3679972,0.7019194526371773,-7.250572792553649,-3.3105242462977054,4533.9824
5895579016012201088,211.93371558997742,-55.82497110674756,16.658792,2.318286,0.058583201223406815,-6.423407378767387,-2.441677361277149,4707.373
5895601968318694400,212.50440076230205,-55.691008130637194,16.658932,1.899353,0.20356169982148747,-10.554549745228545,-1.159298665785959,5016.5938
5895619079469107712,212.22661953595335,-55.54233962001633,16.660908,1.2657804,0.46721624111126164,-4.078362556453696,2.2360909100469026,6127.5317
5895617292763036800,212.2126037748124,-55.59364888021279,16.661413,1.218605,0.4463919613419919,-6.037583015371182,-5.772862017964961,7027.144
5895592862987777920,211.97863842584763,-55.69959519518211,16.663881,1.3772602,0.5063995381108503,-4.591829442680084,-1.659741953706615,5528.1665
5895602827312177664,212.49436820244787,-55.66773514731536,16.664358,1.439786,0.43981181515810724,-8.21407696597181,-2.64670530949922,7163.0386
5895597604631735680,211.9469805152509,-55.594872077586295,16.665121,1.2341995,0.5210093120400051,-5.387177365227897,-1.9493510269162164,5459.071
5895551936200088448,212.31633079461463,-55.88938344890539,16.66561,1.3280325,0.8418379586432946,-27.176222779712734,-16.254210769516504,4896.8906
5895553933401996928,212.47749633821684,-55.796290213664534,16.665745,1.3585052,0.3206104577862567,-9.316054661279953,-9.00281303805597,
5895580527840699520,211.97882199299156,-55.786825444679174,16.66865,2.2028227,0.13024465576837316,-5.0073422993870285,-1.003134860237577,4846.93
5895604339140683008,212.30969506293607,-55.66737964789167,16.669033,1.3799763,0.5605341771653979,-6.875487283822254,0.868117302741006,5572.045
5895554689316273920,212.52844354476895,-55.74220407027915,16.669441,1.5638161,0.20364118701167291,-2.812260454829414,-3.3222317762607947,5410.5576
5895590904482441216,211.9048217619845,-55.77594666969454,16.670586,1.8721027,0.09082919846685204,-6.074809066663056,-3.2108926956904673,4797.548
5895580768359060736,212.02022424491804,-55.74969985537403,16.671032,1.857851,0.12346906638488281,-5.382938299803029,-2.2528768985281933,4959.394
5895616777366790016,212.16298786842532,-55.613020339388584,16.672796,1.3774109,0.403912017438087,-11.101173307672505,-3.0143018881761625,5330.7437
5895600387770976896,212.21931168090876,-55.78072989470925,16.673697,1.4086895,0.33976941972687874,-5.261008244788334,-1.62975158859893,5596.6685
5895604678404264704,212.21641360387036,-55.66897324152516,16.674946,1.5639,0.570019017784156,-15.830619303155299,-4.90353801275973,5343.061
5895575270800834304,212.16573365207717,-55.88624245131659,16.6762,1.9793425,0.07879041902001244,-4.37961680618175,-1.1132226284003022,4838.229
5895600353411150848,212.2366447099647,-55.776187949792764,16.676926,1.9873428,0.049713755266567315,-4.181445447845267,-0.8960412238468791,5011.155
5895576675217267072,212.1415873912512,-55.831354289515666,16.677221,1.6379175,0.29244282885214573,-10.17003132326875,-2.5410652789483352,5006.571
5895603888132859392,212.28389562447092,-55.72016421854846,16.677328,1.3399248,0.4506179460630502,-8.161922512935146,-4.053204159330248,5595.6763
5895597467192795520,212.0060764010083,-55.58277829917936,16.677404,1.3139849,0.6250942804095203,-5.318562279184034,-4.152468072908213,5361.943
5895597329753818752,211.95873501133423,-55.61457226709107,16.67955,1.2424078,0.17868079580382745,-6.969830369574039,-2.274330877417311,5352.5522
5895551768738388864,212.33886564972974,-55.88885371785296,16.680563,1.6976299,0.25187093958401624,-12.095212310887565,-3.2389305379094226,4737.373
5895592691188871936,211.91593702317323,-55.73624042080984,16.682043,1.9438353,-0.01098645632774465,-7.235477038167073,-1.3581405193491958,
5895554380078633344,212.51404519146485,-55.73366628160327,16.683037,1.5660381,1.206430047266178,14.50598179702801,-0.20655908875923246,4898.165
5895599253899507968,212.28005116446957,-55.83328131928587,16.684359,1.398325,0.5032939561071946,-2.347453020041355,-3.5562130024846783,5448.508
5895618254835577856,212.13823749855203,-55.56227666141916,16.684498,1.6706228,0.37202510796928967,-8.051848722979233,-3.272246439875346,4812.8745
5895606160206860672,212.42089913539067,-55.60941636846179,16.6846,1.5792904,0.5792980981093357,-10.996763360564636,-7.786095617783946,6076.7466
5895579703207155328,212.12626795380882,-55.80494650222404,16.684664,1.34165,0.5244942007347205,-8.523418242124983,-1.1775064088711011,5408.1553
5895596779982247808,211.88525329906406,-55.665054380927536,16.68478,1.3480549,0.8551189281257748,-8.43151923078972,-3.047091924625174,
5895602243182671232,212.38993732826057,-55.72281845763626,16.685743,1.2915735,0.06519352442769076,-5.951603156791433,-2.51972296325686,6206.3726
5895599013381333888,212.27485873178685,-55.85685341149721,16.686628,1.867589,1.51228512161911,5.733983211735126,13.87319312647459,4313.296
5895580218603280256,212.160043154713,-55.74216986556708,16.686817,1.3628178,0.5191145451454607,-2.3906614348053785,-0.47569989617644304,5614.6836
5895553967761747200,212.49990598782065,-55.78093294951266,16.688353,1.3371677,0.5218809240216943,-4.23921763940399,-2.4486180634655597,5471.7505
5895579531408425344,212.04245521660062,-55.81468815094565,16.689146,1.7404861,0.267210329394361,-9.792229951935543,-0.7455510120682752,4721.8257
5895577744706644224,212.0249298555267,-55.859232878594604,16.689243,1.4795456,0.8504276977056271,-8.84603070438568,-2.7832540969750403,4659.5835
5895593962499289216,211.9362068298106,-55.63984785723381,16.689259,1.3172188,0.6892423431428634,-4.3818570275672535,-4.402925497381495,5207.6
5895575511319034624,212.23787324183246,-55.8805030475335,16.689333,1.4798756,0.38172954900286266,-11.541759106057377,-3.337924063584536,5469.9243
5895579531408426240,212.03918695200022,-55.81191374540891,16.690073,1.473422,0.5727755295719782,-9.231923863548696,-5.470938176000378,4685.628
5895592725532909952,211.93538256420132,-55.71800921620094,16.691664,1.5002203,0.15660205139754985,-7.8659630529377855,-5.0418029787243155,6013.2036
5895604923256400000,212.16724929742753,-55.6528181660944,16.692728,1.8202896,0.06622517750057413,-5.394988196057576,-1.1699181993766914,5030.0405
5895580081164302208,212.10780484732084,-55.768431262810275,16.69391,1.7930803,0.10662205971417052,-5.737229082094904,-0.40559990262576373,5333.0093
5895599975453820288,212.3656357669607,-55.762087249686566,16.69785,1.3727112,0.7663121411447185,-5.16179579493518,-3.316246919463142,5149.613
5895602243196574720,212.39776675054526,-55.72791182429661,16.698467,0.99954605,0.11573108630196334,-6.249797600851906,-3.0510512286086433,9430.972
5895606224592580736,212.48106086384018,-55.59985108360096,16.698654,1.512269,-0.013706121548448448,-12.043210934904389,-3.7204929454209394,5053.389
5895602552434262272,212.38658745635743,-55.68592802374957,16.698982,2.0229712,0.11738314825443637,-6.370192775545594,-2.968602300002316,4799.9844
5895579737566900608,212.14142864882376,-55.80316026900276,16.699286,0.731287,0.12664143572199044,-7.290536216637683,-2.096991276086015,9373.966
5895599838014862208,212.33068225878952,-55.770785331610675,16.699837,1.430582,0.5509572310723116,-13.450054261544224,-4.893641235036912,5283.5366
5895554242615011968,212.48292838804167,-55.768195822007854,16.700075,1.9501667,-0.12967205580384006,-4.261338038805045,-1.7498630327596518,5149.028
5895601487282323200,212.40850598161944,-55.73750388422097,16.701384,1.5524998,0.34590678909332395,-9.26006653624912,-0.7130014952876342,5911.738
5895606435084777472,212.39664553385776,-55.59775162982637,16.704247,1.3886652,0.40568269155802783,-8.910219462856583,-12.729862747490948,5460.2095
5895552387213751680,212.47278597909406,-55.81819730138788,16.705769,1.3584976,0.6843306070451127,-4.163652476298235,-2.3174043636751516,4520.663
5895576851348938368,212.19040166044988,-55.80588312902771,16.706251,1.5180006,0.3499844745006433,-7.592330487113862,-2.5608779762594733,5547.3164
5895552077976074624,212.3437405651083,-55.85609361980135,16.706253,1.8905258,0.04191015202672284,-7.444186969093451,-2.472085741317046,4886.0156
5895579084731686656,211.93552206953032,-55.794382804437355,16.706816,1.5014744,0.7083615895413865,-15.689590835819429,-3.748851801080126,5074.523
5895576816989145344,212.18436615802977,-55.810291097123475,16.707478,1.4457226,0.5949274439015627,-5.220860582394649,-1.1353795846165657,5435.7236
5895600284691469952,212.29772679004776,-55.75891231612116,16.709568,1.3630428,0.28206056118647066,-7.302865119571261,-2.4036656211301217,5588.655
5895602483714998016,212.45475890737424,-55.66519853771784,16.710438,1.2326269,0.22395584383922332,-6.131098458855417,-1.4132372218562306,8520.307
5895602689873230208,212.43248169213493,-55.66762216575498,16.711992,1.9128103,0.1411342725205096,-5.879771282863366,-0.3547936065076873,
5895605266853796736,212.21574772843087,-55.63647029868313,16.712862,1.9509258,-0.07759945790799411,-5.421674796956401,-2.692114036517153,4937.3057
5895528507194106624,212.26521296704826,-55.89920881224487,16.716341,1.26618,0.3195390026790263,-5.466141751022141,-4.035947322795147,5093.6167
5895592759908361216,211.9727229569509,-55.71755259214951,16.716713,1.2528725,0.2212007873110115,-8.230901827037172,-2.30318770087743,6875.512
5895621171083480576,212.07480639271984,-55.526207837706046,16.716812,1.7174826,0.34866927233436307,-5.843798380717138,-1.5667755742715985,4785.666
5895590835762957568,211.91090590475352,-55.78585280112946,16.718983,1.6267862,1.0900722772937004,1.1475703203876375,-1.7856734340054294,4457.631
5895596848717314560,211.86940539766752,-55.64249638869541,16.719303,1.34865,0.6646515712799714,-1.3607618663089849,-2.275303075284451,5061.1074
5895617533280873984,212.21795804112398,-55.560514964555246,16.719316,1.3833103,0.5925461615735684,-3.7031581883527838,-2.6744100261581822,5304.3804
5895581043237005056,212.12477686788074,-55.71443532436428,16.720459,1.4329042,0.23799906999425138,-5.115677812091415,-3.0659606856342467,7027.565
5895605438652359680,212.2780082910661,-55.61420010954443,16.721378,1.4191818,0.8155361737501814,-5.8847265097739365,-8.920456033169534,4900.441
5895579565768169600,212.05979906498686,-55.81322445250972,16.72235,1.9304466,0.6979103786005558,-4.792786352472741,-4.204099777946386,
5895576301593020928,212.12997594450047,-55.84098946920472,16.723286,1.2908611,0.47594026366144626,-1.9558663663264775,-5.518332192992721,5759.345
5895603686305784064,212.17693663470294,-55.72769051795851,16.723764,1.7208834,0.274356833073698,-10.142756431217096,-4.885447640374003,5435.3447
5895603136549854464,212.45012530414425,-55.63977697423958,16.725237,2.137908,1.9811361253248998,-15.371394854410264,-4.083721162905444,3811.7031
5895607049226338688,212.33955784079967,-55.57625962734263,16.725258,1.4311867,1.0284007854575141,-8.886124919491932,-1.855274623860135,5001.7056
5895592450670695680,211.97044140958053,-55.7412845506399,16.725552,1.4586143,1.0062489522087783,-5.618747799131341,-1.709417268894072,5367.3237
5895576404672230144,212.15962333015105,-55.85666780481318,16.726534,1.3544359,0.576653602415729,5.956017247221122,1.9811938640814228,5649.65
5895594237377375872,212.03752540361648,-55.625058274411955,16.72682,1.4065981,0.6749526521265404,-14.294894154998097,-7.223849300530187,4788.6987
5895579119091424256,211.9432015137653,-55.79730009079263,16.726948,1.4280195,0.4252118356511057,-10.650921911300603,-3.6503573221389596,5368.782
5895592966067000832,212.0291807287044,-55.7037508155143,16.727303,1.5026665,0.6088972105788344,-6.949340718054874,-1.225624803797992,4772.063
5895603377068134912,212.22509101940673,-55.75171438394838,16.727575,1.4836636,0.21858728416877096,-3.1522668881641147,0.9917352234065492,5122.761
5895575236441069568,212.12987443467551,-55.90019766952985,16.727882,1.3920994,0.42256442147789397,-2.748536763448051,-7.546196577387395,4865.389
5895551940537087104,212.31110892051146,-55.88663796939527,16.729017,1.57166,1.179418000384798,-7.197187240607037,-5.605464529698287,
5895575545678797568,212.24587251286567,-55.85858306902749,16.729593,1.3340263,0.3772573048644556,-5.981740560341663,-3.428531996779214,4697.086
5895617361484729472,212.166015004983,-55.60930382226261,16.730518,1.7975445,0.06718026366707634,-4.8627960454397785,-2.6225271608527274,5033.753
5895618151756355200,212.0959040749744,-55.55428983490706,16.734053,1.3033628,0.3953937950868297,-9.419163196519136,-0.6350749639157154,5469.417
5895603823744748928,212.19869596267077,-55.71478249398775,16.735521,1.4524508,0.4373637905438752,1.8990763941372806,-3.3416969078286463,5343.4775
5895581318114928896,212.1085701072463,-55.69235422785924,16.735691,1.9267864,0.2635084307819199,-5.763319211527899,-1.3017755894916934,4897.2324
5895599185179812992,212.33092980304062,-55.82309648887896,16.73588,1.3727598,0.4742528648976244,-2.078094893171667,-3.2378081710499114,5742.5303
5895606813041905920,212.3686209281666,-55.59220101913616,16.736506,1.9804707,0.14407700179752084,-7.7247754520303955,-2.9826810319502313,4870.103
5895597432833048960,211.9859691378716,-55.59769820869005,16.736553,1.675436,0.22257593886422708,-0.06636681738415118,-2.87012662857878,5312.327
5895591999660727808,211.85455291481628,-55.73726138239632,16.73669,,0.41607296352067474,-1.9162762805656952,-5.6767834845768075,
5895579359609738496,212.0812088467688,-55.82067390699427,16.737925,1.455184,0.3107406664706757,-4.519573488020057,-2.859816364459409,6302.725
5895580596560176896,211.96152831497267,-55.785053718016655,16.740566,1.477746,0.6917621743856442,-3.4415529715064497,-2.3276589446314575,5427.217
5895575305160565120,212.22023659407344,-55.91063283622434,16.742493,1.3008957,0.29426576784459085,-5.387320469158348,-0.3116866568800377,5648.8994
5895599666216161280,212.4181097506837,-55.77911618270796,16.742538,1.3756399,0.44870351707456274,-6.414380845444741,-4.585357370080418,5345.364
5895597432836411776,211.98089837870452,-55.60399761306594,16.742596,1.8394079,0.01837609885938325,-6.962139571260288,-2.242230804676127,4928.0312
5895616536848589824,212.11448743659733,-55.673265442531765,16.742699,1.4249592,0.031205838917649654,-2.880237436011563,-3.5264021568133392,5781.279
5895578809853771648,211.95295006434336,-55.82235627763537,16.743002,1.969944,0.12315831071091032,-6.051979285877602,-3.217455617370146,
5895600280358798208,212.295095299062,-55.75904059895275,16.74383,1.4853268,0.2074063149830684,-6.891122892089002,-2.338702511315563,5440.4976
5895607294078267136,212.39615635037427,-55.553699904970316,16.744444,2.001216,0.17711499334604672,-5.482734630997468,-1.0179514740740745,4839.8413
5895601487282332672,212.41715307843288,-55.722889501371164,16.74525,0.87467,0.07332364078089797,-6.236900386247913,-2.04872432765042,10203.361
5895606366365440256,212.39948070316993,-55.59995543974424,16.74535,1.5858107,0.42669278047975134,-6.949568364090338,-2.3725196165611546,
5895602483714786304,212.44168211394123,-55.68043216260788,16.747066,1.5863457,0.7394240190827925,-7.7141521496463055,-2.236327891762194,4931.9717
5895597501552531072,211.98166847297705,-55.58488818197611,16.750673,1.4747753,0.37268516606809987,-2.294709022094938,0.008601727713097798,5865.6226
5895602071397932672,212.50123385477897,-55.66797550594782,16.751461,1.4160576,0.44291781919902684,-5.603742268852528,-2.2804088994096734,6150.351
5895554002121477632,212.5207573704926,-55.789139421763004,16.75192,1.3893747,0.4741196246515294,-4.703674932639086,1.2993400945295834,5469.399
5895580699639589760,212.0430958989328,-55.74977326084522,16.752048,1.5351963,0.9617932416014111,-2.4849106155765393,-9.149228497131688,5097.989
5895596913117804928,211.9259254218196,-55.63952181544169,16.754501,1.2397728,0.28590504781753495,-4.455852626927458,-1.1515655475971545,5682.2417
5895601521642072448,212.43929639250854,-55.72009876971817,16.756487,1.8838072,0.16125494053531786,2.676650154263254,-0.8653119131936098,5008.1294
5895599700575901824,212.3947134539543,-55.77677250532051,16.757235,1.2720222,0.39228656669923173,-7.522385801900619,-2.550705855429326,5472.6846
5895554758035756288,212.52645922115804,-55.73002604050254,16.758389,1.4614677,0.5081381006019909,-11.29844671368886,-2.432252413849869,5802.9204
5895579222170750720,212.03624144289586,-55.840013508288,16.758785,1.3317375,0.20821557642551022,-1.3706583947428599,0.37725271809274524,
5895605606117208576,212.35406554644234,-55.65761404116728,16.759178,1.7747993,-0.583597967877634,-4.9670554987995645,-5.939111478498591,
5895603136549861120,212.43434385040365,-55.63343181382649,16.75921,1.8437147,0.19807622987223472,-3.703770931524317,1.5742624901266482,5069.088
5895602861671920000,212.4636321234875,-55.66700261905718,16.759224,1.4213543,0.2809211062314494,-2.894397565615306,-0.41346927049613835,6032.3374
5895600284691468032,212.28863607171112,-55.76421925996413,16.76014,1.4885149,0.8079605242197893,-4.1033958122286895,-6.507195549665669,4586.117
5895599013381337472,212.28164510891358,-55.83946965286883,16.761625,1.3753815,0.8122457775553997,-12.730600492348504,-11.038000819730946,5327.5283
5895597192314723072,211.89745290797623,-55.61589085548379,16.761898,1.2387428,0.5999090821692535,-1.0989598401572302,-2.6427676652719274,5453.038
5895554689316272896,212.53938474039717,-55.74386226021359,16.762882,1.4683828,0.46265643936662093,-3.3888344621183895,-2.4502292021497416,5131.6167
5895602896031670656,212.48223719802118,-55.65362386931778,16.763775,1.7624855,0.32087853948882994,-3.0893300207119623,-5.72104837384231,4943.9375
5895551906177382912,212.37936559776946,-55.85304453898363,16.764069,1.358984,0.4965630846868679,-1.5547619693619756,-0.8204321415533349,5579.538
5895579222170734336,212.03542220061524,-55.85434064794556,16.764143,1.4400749,0.6166133415469347,-9.768648465667347,-10.79834725210713,5396.989
5895579939395214592,212.1730222217904,-55.75557711335834,16.76429,1.8165846,0.2307315630142976,-3.7753653707282155,-0.1495620061354762,6562.4277
5895580321682264960,211.98442912564565,-55.8009490691529,16.764488,1.4877253,0.7941979541501581,-4.202335073447396,-2.8353329163019874,5232.474
5895554276999403008,212.51074649748705,-55.76309943856776,16.764683,1.8318624,0.26911406264877097,-6.169773689417744,-1.4243934449207827,5019.4893
5895597467192793984,211.99828178493416,-55.58485954143818,16.764702,1.4092627,-0.5900883462598552,-10.044549897413713,-5.96050751129631,4418.723
5895605984074412672,212.3951056519883,-55.603657391172526,16.765833,1.6090517,0.9338084156187754,1.8158486073369782,-3.2281170911666246,4985.8105
5895617464561590400,212.1686500393024,-55.57677039370387,16.766817,1.5197506,-0.19450194275068702,-4.598085997543523,-4.606698706613887,
5895606881761392896,212.36775134547372,-55.57777883489862,16.767136,1.9636412,0.16619805200202079,-4.947515053382945,-0.15171166926133217,4920.47
5895596779997824768,211.88870022895316,-55.65288803756389,16.767237,1.363718,0.8175362113773482,-12.789915353708498,-3.8777667467462877,4974.3555
5895580871438280576,212.05509276875873,-55.75511544442744,16.767275,1.6425343,0.6489373677039458,-10.728147518375215,-4.833161915231702,4760.9526
5895552108009240576,212.36629517351935,-55.84493797190758,16.76793,1.9192114,0.133401347876819,-3.95093264334405,-2.1241364164434233,5286.2983
5895553864682502528,212.48604382625956,-55.816027637937445,16.768517,1.9589529,1.1402360574110586,-0.5953924699075874,-1.5117807679501851,4116.042
5895528262359615616,212.29555912952964,-55.903170783757695,16.770878,1.8065281,0.13711054505817252,-5.490605774320674,-1.7913137499378746,5020.906
5895528541553849472,212.28242622894473,-55.874404885880764,16.771599,1.6834488,0.22113008933851389,-6.787275564189135,-2.680113574721388,4921.2266
5895594271737083264,211.97970326283578,-55.64851714817414,16.77166,1.8371992,0.055057185158109444,-6.527741355744674,-1.9574526523582678,4915.0273
5895552524652697856,212.39987919878786,-55.83232719291848,16.772797,1.4292421,0.5686965960815553,-8.708089949481655,-5.682984514387821,4769.926
5895594340440890624,211.9538010705308,-55.643522009058906,16.774088,1.367073,0.46340811991755476,-4.240846941841014,-3.940379995451666,
5895593344024171648,212.0775342421927,-55.649529707422786,16.774155,1.8204718,0.20788655433492753,-6.509906481297459,-0.20577435141401546,4726.784
5895602896031675520,212.48948552565847,-55.646559951647355,16.775171,1.6546078,0.6995832304084743,-6.14127597284879,-7.221100312755686,5043.7886
5895599631856420736,212.39883575621096,-55.78535202516462,16.777658,1.8691635,0.07889771970113837,-7.251635867074436,-2.4454255897706307,4899.3057
5895579875005886208,212.18647548977057,-55.77285011702439,16.778105,1.9803133,0.06190019408408491,-7.91284200421599,-1.985077888090899,4917.1055
5895604614018752640,212.2185847915455,-55.678758522326774,16.778305,2.0207977,0.12966659738971448,-6.022239265095786,-1.3408856277008803,4847.537
5895574721044984832,212.03888971366007,-55.88235729012192,16.779278,1.3157635,0.4346872735534865,-5.832350904051254,-1.6916216403823254,5363.553
5895604785817426304,212.11642357033915,-55.68148686154135,16.779408,1.4563036,0.5307435217021709,3.7754156955543903,1.8497020802768787,5075.3643
5895617430191669120,212.15608496626683,-55.593471144262175,16.779799,,0.38448536437508,-7.17628856233466,-2.1202270195199535,
5895600834447315584,212.37680626582292,-55.71482045257434,16.781416,,0.4616272071700445,-8.868528448506886,-3.8958643030907583,
5895618254835578752,212.14370051006622,-55.56291897568574,16.781618,1.695468,0.2444200565705116,-7.901310242339504,-4.100550207810301,4840.3145
5895605541731520384,212.35248071462848,-55.668260242009936,16.782204,1.6491232,0.25675186190187077,-6.619202406946864,-2.806328221752572,4850.46
5895579875005881984,212.17273121187517,-55.77498855086032,16.782412,1.7919531,0.059503553774198345,-2.9481722537361277,-5.854647728056671,
5895581249377410432,212.1153130552082,-55.70720523607199,16.782955,1.3704386,0.1421786876269095,-6.822359591693126,0.7722850903072593,6026.8623
5895618770231454208,212.28532498471762,-55.558888258376946,16.783234,1.3462086,0.5051837653534489,-9.527575295538345,-1.6877789744961036,4901.8345
5895580356042165248,212.02102687135522,-55.78772131427076,16.783417,2.0279598,0.04052935474905342,-6.122172103301773,-2.1606859126257225,4848.1597
5895593206585179520,212.02423405232884,-55.68521708921523,16.783804,1.3638668,0.71752036188581,-3.200158068001194,-0.2883316353756761,5449.3755
5895576370317127296,212.11481972020934,-55.84505006806398,16.785093,1.4008751,0.40522503022962814,-4.152318881385903,-3.0123655907944875,5162.163
5895579600127929472,212.0785066705726,-55.799102489891,16.785183,1.7928696,0.06300597320095738,-5.7387182083756345,-2.09271453118909,
5895553967761741056,212.49151684145673,-55.78914456035474,16.785751,1.7773514,0.3405084176920242,-7.411091966944172,-3.358682164649278,5048.7334
5895592450670689536,211.96173886331025,-55.74863532406636,16.786625,1.7668362,1.3419283610801793,1.4819550379631048,-4.426140275275701,4645.2427
5895601727800511104,212.55094979889978,-55.7022346829281,16.787699,1.5777388,0.5055680209369295,-2.891496164480921,-0.9446122695264969,5109.2915
5895605232493923840,212.28109058717797,-55.622260116264165,16.78951,2.060153,0.14184744381196362,-6.671490641806444,-1.8927991611072055,4814.711
5895575580038478720,212.181214372552,-55.89221878054213,16.789974,1.5776281,0.1737817073348536,-8.590690845599736,-1.232526833808326,5026.7744
5895599906734337408,212.37649682227342,-55.76915219707098,16.790178,1.4706411,0.9131700799033459,2.172747982967367,-8.428133858590876,4606.2446
5895592897347514368,212.03501756307656,-55.72200640712434,16.791018,1.3574677,0.2889617500790989,-8.062150880746321,-2.3812803370878832,5549.482
5895576370312489984,212.1164084131488,-55.84296441334749,16.79155,1.6514406,1.220300644316081,10.094393944077545,0.11268384333000901,4577.2183
5895601796519998848,212.5342674199279,-55.692008436297904,16.792515,1.8546829,0.10365422604684381,-6.174939083014904,-3.8271408366490935,5286.525
5895578912932985728,211.91196350541188,-55.82745067211472,16.792782,1.3735428,0.15961180540197895,-2.7961140609464854,0.15260720522738966,6304.2026
5895528541553847424,212.2799160537439,-55.89153747537904,16.793264,1.2523041,0.1334362104393879,-10.900153052487887,-5.278528381074787,7414.3296
5895593721981065216,211.89587432401765,-55.691508380722105,16.793499,1.3604431,0.34592543732563624,-9.091287247896354,-2.0838870719548823,4653.418
5895600662648597504,212.3099563666626,-55.75149697677816,16.795786,1.8453608,0.23361085493703504,-6.987778465891149,-5.648820285070902,4922.9395
5895579531408411776,212.02138920375134,-55.81820043428629,16.795935,2.0423365,-0.05790209429197852,-4.865505958205794,-1.811467538823118,4824.016
5895591007561654656,211.87441271244478,-55.78143228305089,16.795956,1.7312107,0.2629888390332467,-9.627973188809996,-1.6758970948934961,4861.171
5895599253899290624,212.28691809839182,-55.82084821102344,16.79691,1.4770803,0.301787827886775,-9.492535730190477,-1.3254131874099773,5469.2847
5895602827314324096,212.50418719735222,-55.65116657578791,16.797129,1.9310083,0.01896913073360026,-6.79310311817235,-2.7534453214832677,5143.2446
5895552146695573760,212.34139106541525,-55.83883672576267,16.797138,1.8802938,-1.625774087772782E-4,-5.698514515973377,-1.8579764422354381,
5895598979007290368,212.305150680433,-55.84550348869653,16.79883,1.3378849,0.46454668226265255,-4.835085418833328,-5.6124021254638725,5239.738
5895594099938395264,211.99711105199682,-55.650180237388305,16.799606,1.2761116,0.41058000912839787,-10.015820746070565,-0.07054346804492492,5417.914
5895620934895301632,212.0221906393372,-55.580241985019505,16.799707,1.6379366,0.19620908521943842,-3.9236419900323463,-1.8765631095887128,4825.714
5895593962499284992,211.92844356384262,-55.64478233351142,16.800053,1.5977573,0.19374040597000178,-7.785418601331166,-6.163805069257886,4985.7476
5895617155323910272,212.17253749429835,-55.61898306936328,16.800074,2.0296364,0.07013324442464183,-6.136487662288654,-2.380859456857084,4792.3066
5895580940157782784,212.11595307322008,-55.734508408011045,16.80078,1.7133884,0.17182328465137758,-9.266458184290682,-4.1638340825743745,4799.0913
5895593412743648000,212.06971448460354,-55.64718992097216,16.801447,1.804246,0.038005588589266344,-6.769317205135251,-1.711738355111287,5094.559
5895621106693863168,212.07954345754027,-55.541497323174454,16.803644,1.3421459,0.3255247059476139,-7.07316898790465,-2.7469405582524535,5076.663
5895593069146243712,212.08348699180092,-55.6796793256201,16.803677,1.9575453,0.09759766070280236,-6.271613726371924,-1.3589938760219793,5053.359
5895579153451256448,212.03766095526487,-55.856118743928974,16.803684,1.4265862,0.18287051154546724,-9.782220344647353,-1.4799000011118268,5205.456
5895602861671925248,212.47502156242376,-55.66006327159641,16.804186,1.917448,0.20565416003809522,-5.466844308973842,-1.5175492905776582,4970.3975
5895599906734340096,212.36833337893387,-55.765837236992475,16.80448,1.2830467,0.3806472263274265,-4.36442893806772,0.320594873649436,5444.1577
5895599494417460224,212.3767856301298,-55.81043589245317,16.804747,1.4401627,0.28093714327437724,0.7028123372290653,-4.282540432288119,6032.079
5895593653261603840,211.94379114800455,-55.67408269708044,16.8048,1.3974133,0.467367926043094,-5.787140493470121,-1.7483329283551026,4732.476
5895601040605755520,212.35524456221756,-55.70665953710121,16.804829,1.7182207,0.27489223750335423,3.1881071129603025,-0.6813856049885851,5174.1562
5895593412743649152,212.05797396397057,-55.64244172939271,16.807348,1.7021694,0.09474410187212493,-10.026921569561814,-2.5611590638263935,4797.943
5895606057127656064,212.38669711835965,-55.59749466686311,16.80756,2.7733145,5.966857286265753,-52.798798566680546,-7.643767894612125,3377.4563
5895600177278350592,212.2744310745718,-55.795043574845835,16.807934,1.3723679,0.4965558756092105,-4.946034798142774,-3.731768015790123,4954.6807
5895599253899507712,212.27654221883546,-55.83295043508555,16.807962,1.2977524,0.49430877551822255,-5.817519236786148,-8.891326581715083,5306.6025
5895594306096829696,211.98529803204718,-55.639966039750036,16.808418,1.3452034,0.6549097599622448,-4.383487192716897,-0.2003927600940172,4452.148
5895600250331724032,212.2793349412634,-55.77292531336546,16.808989,1.5192299,0.6625405859366856,-14.529022099270756,-11.986647253341118,5217.469
5895599219539768320,212.2767795163136,-55.83546771145691,16.810366,1.9114237,0.11150561933164085,-6.073217764071602,-1.083704606182764,
5895553899042261376,212.5099629110544,-55.791072892010206,16.810482,1.8384008,0.3017503631612884,-3.39632311988642,-0.24700215004258036,4756.885
5895605301215541248,212.2328887561164,-55.63772429504102,16.810831,1.3060474,0.38032018545337626,-12.36525909298021,-3.956235225643505,5588.152
5895605610451008640,212.3575580328556,-55.656391617947676,16.811657,1.9535627,0.19936577205224848,-5.641461635832126,-1.3367527860195074,4987.812
5895579359609728640,212.0765443623542,-55.829322161636846,16.812017,1.9509354,-0.09054622679617717,-3.2223595165419594,-1.0526176167128518,4966.993
5895575751837235712,212.24909745758742,-55.85182741675226,16.812523,1.5052147,0.4102861952217394,-2.9672756332431955,2.2753907688255923,5521.1396
5895605747889982336,212.37489202045282,-55.63384760703751,16.81355,2.0273438,0.035733979131692496,-4.805972767910613,-1.9294732430239083,4874.6396
5895603720665529216,212.19163668310117,-55.718394353843976,16.814903,1.4241714,0.15169307911002905,-4.575641589094126,-3.230887320917236,
5895607259718525568,212.38137713462606,-55.56076769448342,16.815605,1.4691677,0.4094439198911076,-7.2316855641798465,-3.537771035388343,5369.41
5895601074965492608,212.3182619095779,-55.710886122452244,16.816647,1.7853212,0.2657603119637421,-9.39482220163456,-2.450775415299007,4809.686
5895599082100595328,212.32097024142985,-55.8348025813034,16.817904,1.7408447,-0.5232873038316844,-3.34297539711545,-3.210475868709016,
5895576164158679040,212.08535970888644,-55.876588937996374,16.818,1.2455578,0.5153946765419523,-1.0451883539707092,-2.184072228781444,5523.0312
5895580115524053632,212.1495273816026,-55.76227822160138,16.819786,1.7765026,1.169247443800048,-22.412580899065297,-9.270258102273274,4402.8076
5895576198513754880,212.0597000570459,-55.865905984351734,16.820417,1.4246178,0.621978927445219,-16.96533575689221,-4.013859641603469,5187.9624
5895592794268300928,211.99552990084067,-55.70558253618333,16.82057,1.8446169,0.30238342918232536,-4.489235621896656,-2.720070152382793,4898.7515
5895551493860503936,212.43077029674018,-55.86282427892076,16.820631,1.6939144,0.1477383270842982,-5.201735717344074,-2.1112750517667305,
5895605163774435072,212.2949947418127,-55.63501269016225,16.82082,1.503849,0.21442908006654346,-6.018490262588812,-2.4946401452691385,5070.0566
5895580493481152896,212.05438139396995,-55.76350717404108,16.821321,2.045495,0.12657634764291234,-4.812516144188863,-0.8159704002462062,
5895579119091427200,211.94635914025778,-55.78621619186472,16.823177,1.624793,0.937082517524153,-10.829084964346773,-16.8316813437204,4616.439
5895554203946231296,212.4506372170583,-55.771603259292974,16.823252,1.4296608,0.4397728613738647,-13.745610443407028,-5.436418403810185,5158.4067
5895554723676016256,212.5528028138822,-55.732209818152704,16.823874,1.3435001,0.3195653626311438,-1.8959720466346142,-1.6726477132726227,5349.6675
5895605507371855616,212.2627515524897,-55.59038887683939,16.824005,1.2221165,0.14287742669765296,-9.502438118495828,-2.7407123884959352,7372.4995
5895596986159769472,211.91150389229745,-55.62660293794586,16.825157,1.7022791,0.09039335162364708,-9.033590258277114,-3.125041514657091,4687.807
5895551837457890560,212.39316772756447,-55.86337472229089,16.825945,,,,,
5895593550182371328,211.91101082230946,-55.6920851239492,16.826149,0.90816116,0.24908004123568553,-9.291293747361635,-2.990317406591072,7724.0576
5895605850969206784,212.35867114311054,-55.62524587821956,16.82619,1.5399237,0.43618890177113123,-6.589122641459875,-2.801410678952657,5539.7383
5895592381951206656,211.98386464802803,-55.75321568886058,16.826244,1.4562836,0.5696633127189527,-6.4288388486105275,-2.518365717495027,4806.279
5895605060695360640,212.2230677558901,-55.65450677182494,16.826668,1.3592777,0.27155902206462174,-4.274193422814024,-2.7011151623903924,5587.778
5895619010749625600,212.25674044534375,-55.55190449623286,16.826878,1.4284191,0.35984150163396517,-6.74749690615979,-4.2468284541409975,5633.9287
5895604510939508352,212.13182918009352,-55.70716261584849,16.828802,1.5171356,0.2881206141260141,-11.235030846706326,-4.975280967010779,4815.5464
5895594203017625344,212.0085882145007,-55.63366236334056,16.829004,1.3207436,0.5734094800782625,-8.964450342512968,-5.016826329588492,5208.146
5895590801403217920,211.8855648011305,-55.78969071336397,16.829111,1.6454487,0.28141591729970106,-5.421657548976778,0.17135377497005255,5303.737
5895579153451261184,212.0505889726894,-55.85562946769309,16.829575,1.5693464,0.9462310305957939,-3.090760423137811,-9.070060565954288,4252.385
5895605266840750080,212.2106148026554,-55.64696602162605,16.829723,1.373848,0.37128996922060303,-4.946366681841104,-2.8673011030905364,6034.0796
5895576400333835776,212.15798233311563,-55.86290529708492,16.830584,1.745924,0.043257014685516945,-3.8941423111179807,-3.6619282895454006,5303.227
5895605954048423168,212.37375995406708,-55.62224718404018,16.83084,1.5854759,0.4448064739316587,-10.613058107660306,0.06683233576916069,5292.7217
5895600319051404672,212.21708898541183,-55.79159485001555,16.831177,1.428751,0.3928304033411997,-6.764918274619926,-0.42537369977211964,5370.3477
5895604339140700160,212.3171262828466,-55.64737119315852,16.8321,1.85081,0.10648994128680184,-3.691084298066624,1.026717153149162,5054.058
5895590904482440576,211.9141594685591,-55.77631464375827,16.83462,1.5914822,0.08955852782572626,-8.319884545660658,-6.527246262428679,
5895579462688945152,212.04658097138582,-55.81853895522634,16.8353,1.4578438,0.4257435813862729,-2.8744134896936964,-7.248841688478862,5599.3853
5895600078533235712,212.2630579429592,-55.808734743712634,16.835577,1.4334164,0.9223006359036672,-3.693984783805238,-4.121077507180651,5021.807
5895596883077046912,211.91555322133812,-55.64544640786495,16.836058,1.4380455,-0.2474311600429706,-9.458449673518256,-1.1486799228295415,4999.6934
5895618942030155264,212.2972841265623,-55.534475021829024,16.838234,1.461484,0.5865359242156368,-8.15559347233509,-0.11717610861688582,4871.82
5895593752007459584,211.90760098091567,-55.685464441668756,16.840097,1.3236008,0.42204298641799154,-2.765328528562672,3.5359461368545073,5518.5063
5895617739439458048,212.0783260631376,-55.592272299388256,16.840822,1.7813063,0.09610237938684406,-5.085475321535937,-1.2940088995202836,
5895552455933232896,212.4674733941093,-55.81354401151273,16.842121,1.4313316,0.2308612380252702,-5.280012759100061,-2.1021969454639065,6724.066
5895592897347518336,212.0304815942249,-55.71404693258159,16.842527,1.6772451,0.1313376726871912,-6.699003513032319,-2.0458139071309622,4813.4717
5895590904482436864,211.90670399999706,-55.78250574987822,16.842663,1.4076042,0.31270479932581635,-6.6378830398019195,-4.811527369886408,5509.579
5895600009813571328,212.39068991071227,-55.74166192610702,16.842861,1.7509708,0.33361855619875685,-6.9653181505025525,-4.576458739692044,5255.003
5895575683117739264,212.20223888548304,-55.85592519060298,16.844337,1.3307285,0.4888003679336569,-7.101052414370217,-1.0183291491543065,5879.831
5895578015247064320,212.00326800307076,-55.83624324678346,16.844463,1.2483253,-1.6489676041510894,-7.055602467171232,-7.1561495973726945,
5895619079469107072,212.2464315979829,-55.541338169183916,16.844954,1.8820305,0.16970125532452346,-8.272182838988625,-2.1925600336978768,4735.493
5895599460057730048,212.30033422737833,-55.79091731523057,16.845428,1.8660202,0.05692815586077448,-5.495928474797109,-2.856141256194064,5009.6035
5895617086604435584,212.19303401175102,-55.62251907427325,16.846663,1.9003668,0.1460567194855966,-6.359941067688755,-1.6669953024457025,5076.7856
5895592966066991488,212.02046168424883,-55.71636115104641,16.846745,1.5324936,0.5691991379084428,-9.016029009336393,-0.7625679835136828,5107.5864
5895576026715082752,212.1484454069243,-55.87703077655005,16.847046,1.3588848,0.37685929842192256,-12.978264669291466,-5.6798151911107615,5380.0796
5895593034786493824,212.07570312690527,-55.69202031462733,16.847599,1.506835,2.078139554068942,-5.8223395112277085,-0.4946901071147526,
5895593344024161024,212.0594904284997,-55.656519625674804,16.84796,1.7327595,0.13605563962327563,-4.83938337264029,-1.616576347500711,4879.0327
5895552279799834752,212.39305792406236,-55.85596894737762,16.848152,1.5109692,0.928019071730042,-2.016583991926743,-3.6699365378393907,4665.0737
5895594203017634688,212.0245135636933,-55.62606547074686,16.848421,1.6971092,0.039852173159386946,-4.9361258220410145,-2.165890809962251,5324.114
5895592656829133952,211.96576281097936,-55.73182595878093,16.8503,1.3483677,0.5732589511697211,-2.8446687626523266,-1.3664131800735506,5332.2393
5895599833675447680,212.3372425041923,-55.779469021572815,16.853376,1.3558807,0.4153277048930641,-14.695792341270801,-3.4000250418508244,5321.1914
5895552249774776832,212.42985811329265,-55.840340913146186,16.853815,1.9703579,0.0666489779654999,-6.175869408046044,-0.2658231184668972,4753.577
5895618220475850112,212.17405919392138,-55.564008561156875,16.855404,1.430191,0.26720522672643454,-0.6289147970431452,-1.589253127584358,6893.003
5895603617586303616,212.18849038648852,-55.73948533119178,16.857105,1.3733425,0.3015588656215394,-6.925729676194626,-2.0198175659372835,5589.118
5895592480697052928,211.99026112203342,-55.73984636189636,16.857529,1.4271126,0.5879646955899067,-9.650831468835758,-3.6776427046065967,5213.813
5895599150805997184,212.3216403905816,-55.825351419263804,16.857662,1.8629761,0.32966477450717563,-6.639665114664112,-2.3432206318491797,4728.7983
5895580012444823168,212.11542735441648,-55.772627802718716,16.858181,1.5114365,0.42654804076362446,4.434417614323841,-2.5417439735404064,4914.431
5895605198134180736,212.2681174663678,-55.62951705179686,16.858282,1.8591709,,,,
5895621175413354880,212.08172032234154,-55.5288308615959,16.859543,1.8140182,0.1280904168378652,-7.098043060157917,-2.1638793799264,4745.2363
5895601143685224320,212.44373584316364,-55.770702183491224,16.859558,1.8844442,0.09778348837476851,-4.927291833591773,-1.6418976899006947,4918.477
5895617425867326464,212.1576639856841,-55.583784658932586,16.859888,1.3925171,0.581642421524715,-10.920736899316976,-4.590418236361563,5015.966
5895554173925681408,212.4763921441739,-55.7791640795924,16.859985,1.5276165,0.37390637512182634,-7.8809174291586,-2.2755244009451254,5145.3657
5895597295393924736,211.95126755226485,-55.62623030041858,16.860842,1.3112793,0.39532861031059713,-15.26569230741354,-3.6510439188147155,5267.677
5895580252962914816,212.0000862054916,-55.813923005382435,16.86103,1.5456009,0.29022365356925095,-5.649007080728957,-1.332592284521671,6005.52
5895592828627848192,211.95870932536207,-55.70634284329042,16.861841,1.7267704,0.21892575536628045,-2.559531217342296,-1.7621622564613157,5021.311
5895603445787610880,212.19463521647452,-55.743311992964834,16.861847,1.4160595,0.4610928665091475,-6.044635611515502,-5.704669590842663,5756.6772
5895617533280875392,212.22110467654886,-55.55707456488904,16.861937,1.5253448,0.21483509805146137,0.17777058490949876,-0.19358303660044493,4987.2725
5895576542111210752,212.1926345846454,-55.840472524537645,16.86252,1.7062197,0.23625263562784868,-10.248210717019186,0.3612727804691225,4925.4155
5895579634487659136,212.04449005038413,-55.79604538135034,16.863207,1.6777353,0.32890780965550276,-6.971952747515662,-1.7714948717079102,4910.2104
5895619079469104640,212.2362395334436,-55.54688865787984,16.863997,1.4085941,0.5154330339437434,-6.812994351367605,0.026769799205957096,5028.069
5895602273222520576,212.4216958441255,-55.69883257521292,16.865126,1.9867172,0.032093688105901144,-5.46412465920729,-2.2000552482611306,4840.24
5895602999110895104,212.50247906483787,-55.641565113335275,16.865835,1.4214821,0.5683860900639859,-5.556815332534134,-5.357452828580795,5556.6216
5895600078533234432,212.26275719823192,-55.810389086390565,16.866041,1.8660612,0.1357434388485069,-6.728003505981922,-0.9547952619914981,4803.7544
5895552730811164800,212.43806347038927,-55.78762935912911,16.866104,1.4426746,0.3237625584107801,-4.3792247779513644,-0.404891251572863,6068.512
5895621003614606336,212.00628923204548,-55.56480269266542,16.866709,1.1059761,0.1560825596442168,-5.577476480720938,-2.277483667336256,7301.553
5895603033470646656,212.5194227801801,-55.62565388266767,16.867561,1.46945,0.6481333991593076,-7.837348973310947,3.5862570112519787,5465.1396
5895619148188591488,212.2960963065466,-55.52191482312777,16.868355,1.8547554,0.28222762718221994,-6.399394950123189,-2.825012941862426,5149.1294
5895599150820073728,212.30921494838447,-55.82891398702241,16.869076,1.2465763,0.16551154803590612,-5.897181734193539,-2.3915919229133182,8490.646
5895618907670414080,212.33861473944464,-55.53628276269679,16.869835,1.5363293,0.2612476957887172,-10.544328749241577,-6.5744636119410895,5023.128
5895596986156289792,211.91343343347793,-55.61786725369922,16.870222,1.3291321,0.6252978060358912,-9.979519520399144,-8.209573238444674,4684.8174
5895602999113021952,212.51024250383915,-55.626508461119634,16.871262,1.5139351,0.47073613040345874,-6.527550059475344,-2.9809403428700825,5350.2725
5895617739439454208,212.0726631464854,-55.59594091898699,16.87196,1.708251,0.3178038521125691,-4.51223315598827,-2.0445343027404577,4625.087
5895606843067898368,212.3401209075038,-55.5842091103541,16.873022,1.6614237,0.34112620982069874,-7.849061566330558,-2.067079861635327,4794.5674
5895603411427868288,212.1864552789717,-55.7521545176169,16.873585,1.481554,0.5749770702344256,-3.7812006655972885,-3.4327689114485453,4864.962
5895604442220029440,212.1538848137315,-55.71673197331265,16.874897,1.6297588,0.8370487595017242,-10.336024943748821,-3.918185401187352,4901.3984
5895552455933224832,212.45521485348203,-55.823512342401706,16.875145,1.8541365,-0.004483675453990154,-4.505025693381428,-2.382162870375969,5091.5894
5895618495353767296,212.14449225350137,-55.54315810510377,16.87556,1.7436066,0.20414679845369857,-4.75733869989436,-3.976988117238043,4772.115
5895590732683734016,211.90416659280052,-55.80189137993135,16.875586,1.9096851,0.19653760428045208,-9.735968566444337,-2.844770602983272,4770.6064
5895597295393926400,211.94489717254663,-55.62495865983175,16.876186,1.3609829,0.24239579631737734,-5.86165678911625,0.5624136468123077,
5895603755025274880,212.2142595491603,-55.71436694034589,16.876972,1.8907566,0.11360339519756367,-5.288691126034576,-1.8180119509133859,
5895617430201848320,212.1604886558649,-55.57771557085315,16.879154,1.2861023,0.47428296746479554,-5.116646255042139,-2.4648933632748338,5334.9976
5895618117396601344,212.06967558857377,-55.562578969584,16.879265,1.650217,-0.27349767076140774,-6.164752376171411,-2.1658564203083497,5428.832
5895617808158945920,212.12484928940353,-55.592993877794996,16.879719,1.326786,0.3441115847331183,-1.9593331235290274,-2.1986119636758206,5361.681
5895601624721299840,212.44577872862067,-55.70724472498621,16.880327,2.2242098,0.01968622391848656,-3.790778600142079,-0.984328357779714,
5895552627731929088,212.4146505556573,-55.814092334141975,16.8823,1.9195671,0.09803956992893241,-6.4080906165906395,-1.5757571461549436,5047.115
5895579909365613952,212.14194060562548,-55.77564044406344,16.883055,1.9526262,0.1794156956928087,-6.538432930431928,-1.093098332007536,4892.981
5895575923635826176,212.0675846267132,-55.89337804337599,16.883266,1.4323082,0.517528015032985,4.3866278928902736,-5.048745280643106,5316.4263
5895604472245776896,212.17187388391775,-55.70918687180291,16.883404,1.7769747,0.2670447252302153,-7.192117515132209,-4.093804654029581,4938.0757
5895599803655115264,212.35588611567354,-55.78330840355797,16.883507,1.4234428,0.5083502343296963,-14.057313156875981,-1.0211608473180165,5111.5386
5895597604631597056,211.94113617713595,-55.59656016198646,16.884079,1.674573,0.05271946141496685,-7.466163027600359,-3.4359349647002917,4686.0137
5895603067830552064,212.4498035137416,-55.65258676335413,16.884336,1.397974,0.4445379906682587,-10.482032807115537,-2.444530144206883,5067.213
5895554345718931072,212.47978594243608,-55.754533742834084,16.884392,1.8264513,0.359704945304266,-5.8273084079499515,-2.0751031488702236,4724.2314
5895604167341976576,212.25502650509472,-55.68579115348259,16.884794,1.8692284,0.1795679533219316,-4.926991901036222,-4.666316018470287,4927.2603
5895607225358781312,212.4115094693833,-55.56734238852294,16.886484,2.011053,0.2642551738528363,-4.274743456273758,-1.530785263503751,4852.5317
5895605747889987584,212.39017447533152,-55.62684608268996,16.886648,1.5224113,0.6377546925950931,-13.445416150768656,-3.9050081180152763,5334.1367
5895600834447309440,212.37593486096407,-55.72085141372683,16.887327,1.4642467,0.2690899589437846,-8.903977836080173,-0.42927389242761727,5735.259
5895600074199121792,212.25170742944866,-55.80554757178625,16.888474,1.772583,0.0716434634837536,-6.726105460839463,-3.153383409544536,5008.9873
5895596883080543360,211.9037897133789,-55.65565186827978,16.890514,1.35499,0.5266710994408222,-5.054920786062004,-5.557829499809944,5100.3403
5895580871438285056,212.06986848500634,-55.75535291745332,16.891802,1.4710102,0.44454408890915886,-1.6224297854377703,-2.7468531269929795,5488.9595
5895603445787612032,212.2059874693597,-55.745029460565604,16.891907,1.3391342,0.5496291809558368,-3.675066463097016,-4.251239085192523,5456.048
5895618220475848448,212.17186730686075,-55.56421163536322,16.89252,1.9277277,0.19468746526252395,-2.6758022586103096,-1.4877220976443066,4889.697
5895601418562849536,212.42514091211174,-55.730910803895384,16.892904,1.5494041,0.581763664345274,-9.791436963659299,-1.9257581158608996,4996.3325
5895552627731927936,212.43755214638767,-55.813071328177706,16.89293,1.8484764,0.062387150813728705,-6.428533102919959,-0.8347490825766319,
5895594203021002624,212.02514997725464,-55.63417735068767,16.89309,1.5665779,0.17122361319125065,-5.644240729590008,-1.2810706420147409,5027.851
5895575751837242496,212.24584566045044,-55.844756113037086,16.893501,1.5477753,0.31157072679649583,-2.798236532182405,-4.045528009435506,5025.0693
5895604201687953536,212.272455485642,-55.68247119057009,16.89353,2.1683874,1.6389973510232556,-10.847575024802854,-4.521944679759554,4233.6455
5895603273988835840,212.4846946532593,-55.60673568644646,16.89368,1.8187275,0.28617613628953176,-9.968343531604216,-5.152566330779128,4909.24
5895580527840699776,211.96925936421854,-55.78579483475067,16.893848,1.9635267,0.19242600165181667,-2.8363191557553966,-1.630379184813313,4849.062
5895576331619870080,212.0884236623206,-55.84383504966505,16.89542,1.3845158,0.24212500612966045,-7.421913071563193,-2.646907149708329,6047.069
5895600971886281088,212.31194521050966,-55.70764104009881,16.896074,1.7284126,0.9084186604202339,-17.18487867454745,-10.599517719204028,4732.9253
5895616674287552256,212.13946420982174,-55.645828985203025,16.897156,1.3832359,0.46424196860888683,-18.292847192665814,-13.553095420779137,5750.9316
5895606950480866304,212.3223016718038,-55.58791705980582,16.898148,1.4430523,0.2543250346358041,-5.554819899290302,-3.9966918650877705,4972.3623
5895575545678804096,212.25976912539525,-55.856857997971936,16.898998,1.6436214,0.28649015021482616,-4.362329766796684,-1.6247103663100892,6178.88
5895553899042248448,212.5123453213012,-55.806180824936526,16.899088,1.6578884,0.2980657158281552,-5.130311008409327,-9.514426218942408,4844.036
5895552524652707328,212.40042101433468,-55.82146054861113,16.899553,1.4425201,1.1265359798945065,-16.794471610426278,-1.77647600293521,
5895553933407504768,212.47182277395905,-55.80471018349259,16.900278,1.4048157,0.3718628195927073,-7.802440421941105,-2.199862547441867,4854.658
5895605026335464320,212.24879157873048,-55.6572575475346,16.900326,2.083747,0.008465769388544143,-4.606344301313562,-2.1173355056292946,4908.068
5895579084731681792,211.92280872099735,-55.811396494236185,16.901342,1.972578,0.22094995366441691,-5.5537043771337,-0.6855704875548898,4839.746
5895579462670430720,212.0413415384843,-55.828896084618336,16.902206,,0.4051069940493406,-1.892888604730078,1.9020600306051558,
5895603858104503424,212.22301319921837,-55.69169429076897,16.902536,1.5909595,0.46003715244460597,-7.544299798823073,-3.5987279374375456,5171.0923
5895597398473309312,211.96450454189,-55.59284323919956,16.904915,1.5811052,1.8923677627121578,-9.405105107402113,-3.0323104746493335,4594.7207
5895602518074520960,212.38577856045265,-55.68852313675949,16.905191,1.858386,0.13770613753914188,-6.89011889940948,-1.2306190762607212,6300.549
5895605399970819840,212.2555735944841,-55.61673204510722,16.906137,1.4277534,0.2627555643235181,-12.322884472345969,1.048866952791809,4846.7227
5895554380078627072,212.5182212957297,-55.74669575465706,16.906204,1.9084826,0.22486981660528557,-6.231448295328737,-2.4283353548988633,5056.1255
5895604201701715968,212.27734675624592,-55.68319065156778,16.906504,1.7885895,0.21237685509026627,-6.8371172137122525,-2.0790792173677346,4968.6294
5895580871438283520,212.0564737353236,-55.75237596079942,16.907143,1.3207607,0.19209240129050406,0.744410099483722,-0.949221915288722,
5895554242639663104,212.46157379460513,-55.76905534127154,16.907318,1.327713,0.3313346111793836,-6.086637176875289,-2.1873309622739585,4911.793
5895575820556716800,212.23103445698524,-55.8427717084734,16.90746,1.3625069,0.4758157948066459,-6.658709208267089,-6.110705482978908,5467.988
5895580871438281216,212.06808845089927,-55.758261765373355,16.908356,1.4938793,0.5607012675017026,-8.342661631879452,-3.0573523780034564,5137.911
5895605232493923072,212.28564574147643,-55.62260265895151,16.908495,1.3188419,0.4436517278239802,-8.442098834955445,-3.19165644431508,5587.1763
5895596848717319680,211.88140967187775,-55.63707908204038,16.909172,1.5121231,0.6916508039305764,4.0774688918066415,1.586635734762564,4823.3696
5895606366365440768,212.39924774945,-55.59872164459649,16.909214,2.0592718,0.2509858901490437,-6.2666517932179975,-2.294093449695192,4784.7886
5895554173920180096,212.48135378139787,-55.77818968512594,16.90939,1.4265041,0.2274462418380519,-4.856592603344637,-2.3407311099680053,5361.719
5895575580038490368,212.1815348209327,-55.88107780602163,16.90992,1.4037933,0.4283816356635517,-7.471686226399058,0.3172742622398574,4756.1406
5895607294078264704,212.3980185171397,-55.556953267599695,16.910982,1.4391899,0.2506509688155039,-2.6921860335796928,-0.4443302313662068,5484.9414
5895596745638059136,211.8663292700263,-55.67885879427227,16.91136,1.2355843,0.25637827563541515,-8.38178743531777,-2.8214118551188783,5659.4033
5895619869732460800,212.24764085187454,-55.520070504512006,16.911919,1.494688,0.33726686625110236,-5.335680908115094,-0.24718858227059612,4769.3364
5895553929070130304,212.47626940675232,-55.80398966522373,16.91367,1.3185616,0.37864458821966035,-3.337717582555171,0.42263001111021536,5470.3325
5895597329753821056,211.96772126609048,-55.614009027971306,16.913906,1.2708225,0.33680421968451757,-2.6361021111046856,-3.710458147481816,5041.2583
5895602552434267264,212.40500589281962,-55.67861007173745,16.91451,1.7760143,0.29982887209787024,-6.548805742567544,-0.11399465161676792,5332.1045
5895575713139065856,212.22906508541342,-55.862866647964886,16.914936,1.4966755,0.6786256610699578,-4.61006259584463,-4.111278015534822,5224.784
5895594340456421632,211.95231075456815,-55.629425823025784,16.915527,1.7238998,0.14379391410603268,-4.525854987692831,-1.7170872355317621,4806.648
5895617155323920768,212.18399732805034,-55.60779296510008,16.916296,1.3143921,0.5760098158853308,-1.0364882496245162,-4.675261345623493,5220.1455
5895592553750123392,211.97933989769274,-55.726475933297586,16.916376,1.5912094,0.28731507212572205,-2.1662797304382386,2.921405609662488,5645.028
5895579801953513216,212.1253754467071,-55.79149052228011,16.91661,1.3892021,0.3212934635826285,-8.450865609740639,-4.296915427523324,5454.086
5895578839880818176,211.97268978377912,-55.81167169727621,16.917255,1.5769596,0.39510039470291436,-6.627918297321798,-4.199529450231271,5464.78
5895606469444531584,212.40992885761378,-55.57515119229555,16.917955,2.0347204,0.0800779727611137,-6.138071447296462,-2.155796067523145,5039.2554
5895592828627858304,211.9663866599034,-55.6971080717879,16.918823,1.4662018,0.5788900936586097,-7.934675173663172,-2.3501138554606005,5070.3013
5895600937526515840,212.28825016365792,-55.738062969956694,16.919514,2.0196934,0.011075464766803107,-3.7697425915606297,-1.470905803230806,
5895600319051403392,212.21742669681194,-55.795755612477095,16.920172,1.851223,0.7096646972237105,-7.321507880070688,-3.9167380660033118,4887.6626
5895554203942889600,212.4463224803965,-55.783955557509294,16.92166,1.3815117,0.4042773135684064,-12.479310865576231,-2.4080742781535314,5346.039
5895575610059842816,212.19766494727796,-55.875668023948265,16.9226,1.895771,0.12918520691909519,-5.360153653033089,-1.8675224652571176,4701.2188
5895618048677118464,212.07988455177872,-55.573483951223444,16.92274,1.8341875,0.22002926381362495,-6.10927161557291,-2.362133359108568,
5895552211078023680,212.41584764078837,-55.8528784469588,16.923424,1.567936,0.7073217889728356,-7.842831760227896,-1.9509318867284526,5121.4116
5895575373880046208,212.2026889877424,-55.90157360824578,16.92411,1.2692127,0.26633196217333593,-7.091371020452033,-3.786133910554444,5206.645
5895618323555086592,212.1882865886882,-55.5473479288199,16.924175,1.8996935,0.1764456921203319,-5.404843384143899,-1.4881061471091839,4926.438
5895616811726500352,212.09762300304774,-55.649450769726485,16.924305,1.4650936,0.4098517692871954,-0.283029823068893,-1.4491549174134553,5001.5024
5895603961183524864,212.27393659284482,-55.70550277319046,16.924322,1.4493408,0.7334450371239966,-3.1033956581049664,-4.422948504334071,5539.431
5895580733999321216,212.00744733631427,-55.7484412943673,16.925526,1.3526878,0.31864276276723813,-6.716234723286192,-0.31551060062416314,5441.1963
5895575270800837760,212.15968950431196,-55.88128378019249,16.926027,1.6350365,0.2423193931728254,-8.403289950514589,-1.3118342298009922,4600.657
5895580459121394816,212.03738667389925,-55.77961469390403,16.926176,1.4470634,0.4049659461806017,-18.077209195541982,0.36466065429079136,5752.735
5895552593372192512,212.40578707353302,-55.81265573944267,16.926561,1.9408388,-0.01835505784894037,-5.606727028142938,-1.93683609558268,4908.1597
5895600215971985920,212.30923790045915,-55.76984781224974,16.927025,1.3625393,0.28538428191201354,-7.199585115804179,-2.34366026336789,5444.1606
5895617498921354112,212.21533191375678,-55.5679601656553,16.927076,1.3880806,0.4295713789743972,-7.053897066702165,0.52971203214284,5182.1216
5895605850969189888,212.3540884933545,-55.64214027593786,16.928959,1.6074696,0.6517923271260111,-8.188381195443707,-2.5830003198814127,4960.8887
5895551592602740096,212.4643454549845,-55.839322998013095,16.930363,1.8200645,0.44279142946275185,-7.63613412997228,-1.6792839313661272,4653.4688
5895576095434689920,212.1316418822189,-55.8658785527638,16.931711,1.4013977,0.4612631631669302,-6.38384060049037,-5.803321569460804,5075.6597
5895602926057614592,212.52298329355264,-55.651260305567554,16.931911,1.5603409,0.8178582075638311,-7.800127446115582,-1.7235891053442913,4951.85
5895600765727819520,212.37941859730162,-55.73761102105477,16.932652,1.5482693,0.7973584157609399,-3.324977543929334,-1.1979917486813285,4723.075
5895600834447315456,212.35772429808736,-55.716807287616064,16.932753,1.8230438,0.4279292584603566,-10.68076684087605,-1.7450310384795755,5035.6987
5895599253899506944,212.28115650789363,-55.83662357800323,16.933456,1.8704433,0.06539747038027563,-6.194107557306002,-0.5719810318713288,5644.1846
5895593309664404864,212.04300274593285,-55.676422629030206,16.93395,1.3712158,0.29417213734498426,-8.374302040069947,-3.4287063610339663,5442.4033
5895579187792479488,212.06305491343355,-55.84375839686152,16.934658,1.4674854,-0.4773080697058015,-5.7209203268382,-1.7657286706243953,
5895575580038482944,212.1865008648856,-55.89028478647994,16.936907,1.2887993,0.33136605451431406,-6.757912783253348,-2.784207181893024,5559.7246
5895602449355050624,212.41643257280305,-55.67975891306379,16.937239,1.46344,0.40159674976818877,-5.675225962999991,-2.507793898902897,6037.751
5895618323555074816,212.18442592860697,-55.55775664010563,16.938284,1.7477779,0.21149464134612578,-6.351297472763519,-1.8646755046845338,4798.2324
5895579187792472192,212.07043923177943,-55.84793418509122,16.938728,1.5228767,0.7462072308014962,-6.441772026720022,-2.4990329118777392,
5895600452156294912,212.251261629863,-55.769534144553425,16.938814,1.8240995,0.19498263882721262,-5.170537742582523,-1.0195024151340948,4781.422
5895616914805722880,212.09837020828445,-55.62397716788766,16.939133,1.2669258,0.2696869746687134,-2.640150373681164,0.1057544123087742,5587.2993
5895575167726265216,212.14689038132047,-55.905579766154816,16.939894,1.8971119,0.15397045264861825,-4.223679892697849,-3.0190911417686803,4973.0176
5895596917436795904,211.9149470185643,-55.63461716988747,16.94075,1.4202633,0.6727582893218246,-6.191820661062348,-6.340824231574668,5274.6914
5895621484651010048,212.09933388485973,-55.52318838097725,16.941599,1.6876907,0.08414867797664152,-4.988551080772277,-2.1026857221360133,5465.863
5895617945597890048,212.07090019973083,-55.58861098073975,16.942068,1.7004929,1.0861370882104615,-12.84006367845723,-4.643762330226315,4532.865
5895617327122438912,212.2346728518914,-55.5746044652679,16.943548,1.5568314,0.10215777061382438,-8.206055571862901,-6.0579685707446895,5022.2397
5895579462688928384,212.02633251062093,-55.82675128651822,16.943617,1.4112015,0.3676522423389992,-4.158350498078009,-2.7709869929629756,5246.465
5895604648378481152,212.178031654718,-55.685318542830124,16.944174,1.4400005,0.3273776040838544,-2.277527353712629,-6.838526472927707,5281.599
5895616708647300224,212.1760163435967,-55.63492963994881,16.9444,2.1755848,2.0732372903767597,-10.91794348547991,1.9943038186323456,4243.854
5895576129794255232,212.06409989951172,-55.89402177088163,16.944609,1.6963959,0.5481513857221757,-4.680819051502944,-0.7126386711194077,5155.0015
5895596986156283008,211.92599970797193,-55.62423075371494,16.944853,1.227396,0.18112741556671927,-5.942390971777847,-3.6252174395590764,5602.115
5895597703377530752,211.96045424695632,-55.571072633238096,16.944906,1.3034477,0.44432596582272366,-6.9671195255148985,2.0926605732058627,5303.7134
5895576198513753728,212.05994048897975,-55.86767451274476,16.945267,1.5102158,0.12248672281714987,-12.171165146156373,-2.6767125923948862,
5895553108768246400,212.48875810292697,-55.82750770496675,16.94775,1.823246,-0.02527769951205843,-5.6826371274490075,-1.0039321143459308,5050.777
5895600628288855296,212.34705566510155,-55.753315266111635,16.948225,1.9333305,0.07492296233847029,-6.071297025566644,-3.246756763505104,4944.6865
5895605713530406656,212.40837214945375,-55.636260322914175,16.948395,1.9260836,0.34817884941136257,-7.5070271211454624,-4.271647921309823,4708.177
5895590904482432512,211.90089791730387,-55.789421327655226,16.948757,1.7020512,0.30804286498373556,-7.916048681586022,-3.8736196929562596,
5895599455718316416,212.31174757016927,-55.796191251664524,16.950321,1.805109,0.12350717072598469,-2.75160219139401,-1.3078132435194703,4661.275
5895605919688686848,212.33399176503056,-55.62355530210595,16.95236,1.5149479,0.6460196072447861,-6.481512761856068,-6.545790039737401,5298.955
5895607019200353792,212.28802579227093,-55.573877270425555,16.95267,1.4549923,0.6174497453059773,-5.389801990150149,-3.214769439821632,4955.309
5895592553750125696,211.9888073022806,-55.721066999629414,16.952835,1.6222248,-4.785886607081614,-0.9193225007821899,-3.5942625440351246,
5895618564073250816,212.12817741624636,-55.53075387802493,16.953962,1.3037453,0.4646759125668742,-5.745583579595623,-2.9508294556391474,5224.867
5895576267233253760,212.10870786294032,-55.86166734040367,16.954481,1.8367395,-0.15767568106480123,-4.238413271439314,-0.7630426935089927,
5895594031218914432,212.01154592431072,-55.65988020365268,16.954552,1.2764969,0.5463490314900475,1.4434728103787018,-6.871542256943865,5438.673
5895605232493921024,212.28911372982512,-55.62525504038729,16.954697,1.472826,0.42350516098168467,-6.9861694212614225,-3.469868128534544,5262.6533
5895576610830712704,212.2023388570546,-55.819597718133416,16.954996,1.3625908,0.24182154532899053,-5.393141185681685,-3.9042100483868785,4629.9644
5895597570271855360,211.92050523319628,-55.602151500991035,16.955246,1.5881977,0.016792631372711544,-7.006263170372894,-4.14462958798238,5374.9844
5895599734935647232,212.41608659479388,-55.76351900419095,16.955652,1.3699398,0.36428739702695023,-5.7338425910277575,-2.745855810005674,5693.061
5895596745638068736,211.8581410060853,-55.668875423409695,16.957745,1.7893925,0.11291659344796104,-5.736350497938684,-1.6020004302038218,4892.7983
5895575133361850880,212.12643127956215,-55.9041054287861,16.958069,1.4206791,0.23426299786522917,-6.033317426854881,-2.389443864471156,5380.118
5895599391338249344,212.3242178175861,-55.79982613144985,16.958532,1.3546143,0.39714376669306095,-5.162275631075371,-2.4390821931230193,5231.4805
5895602724219282048,212.40651868313392,-55.6502510866467,16.958563,1.538784,0.9100613144681302,1.7250847366687996,-0.328965948152879,4899.128
5895603342708392576,212.20456727363748,-55.75677715687678,16.960112,4.4312162,0.11489882141805091,-4.566582373727446,-1.8052611896551203,
5895603686305779968,212.16686956125105,-55.73263887220588,16.960146,1.9599905,0.06834685506887737,-3.8230730855723443,-1.723645820278343,4996.2173
5895621037974359680,212.03493286272683,-55.55386606505514,16.96032,1.4756927,0.571845110824621,-13.573698476994956,-7.470059238230782,5305.743
5895580287322668544,212.02041517004767,-55.80797969027675,16.960543,1.4061165,0.3903104639737199,-3.736261256098931,-0.2400338868073443,5362.488
5895616880445981312,212.0801129740643,-55.63109904435564,16.961306,1.622572,0.29901530626708384,-5.008515867980493,1.221146702135603,5217.034
5895605026335468928,212.25438818610982,-55.65065181543309,16.96364,1.4489231,0.49445238767484617,-8.201081440439498,-2.4861397775439418,5082.3125
5895606366365295360,212.41057246899817,-55.60319922540858,16.964546,1.88064,0.41304896289893483,-3.419851434175299,-2.4903027761556724,4808.361
5895578809853772544,211.95420559995827,-55.819722738914884,16.964712,1.8567352,0.4621806993952631,-5.267868830565249,-4.187228557367499,6396.5405
5895579428329171456,212.02182413626628,-55.84295009259941,16.964844,1.7212677,0.20038078954761768,-3.389941844284976,-5.438557836474488,4623.3857
5895594340456405248,211.9569583651983,-55.64356316331074,16.964903,1.21908,0.44851446131659173,-5.42699669404994,-3.989985022094191,5328.8477
5895606125847122048,212.4613721615978,-55.606220254700766,16.965216,2.1235151,0.16765584325893945,-4.561414993203249,-1.2258372928123753,4791.3047
5895606121513348224,212.4538459833515,-55.61262523502778,16.965405,1.5247669,0.4202883666359642,-3.9455101983061462,-4.346570083976688,4939.103
5895602376301734144,212.43835761342646,-55.69852273734523,16.966877,1.3788128,0.38926030689519675,-3.0905714271502442,-0.056375214908931694,5750.805
5895602896031681792,212.4852526600252,-55.64172660324459,16.967274,1.4159889,0.49269151933603655,-3.4250141100151907,2.5439577058723795,5572.467
5895603170909603968,212.4643391267905,-55.62768376459126,16.969753,1.545433,0.78508190032494,-12.801464385087046,-1.4255394662736207,4860.9146
5895577916481302272,211.98488376610737,-55.864953424010935,16.971191,1.4783688,0.24568776431852046,-4.9806610640027875,-0.5920949833847055,5419.0415
5895576164154020480,212.08071842797844,-55.8682980445649,16.971205,1.4032536,0.3555091079891508,-5.576635361053479,-3.302446594965432,5332.418
5895605335573275648,212.2037444607829,-55.624149659731245,16.972918,1.3836994,0.5048548583417454,-3.387494452964424,-2.328270062346517,6024.6265
5895551833120889344,212.38551003171546,-55.87028672247653,16.973099,1.385273,0.6653956897557086,5.309090573694592,-5.23179709301513,4996.598
5895618976389897856,212.30594119101607,-55.525050116084586,16.973711,1.8371983,0.14863342930544013,-6.3470614257377855,-1.1043864640406722,4795.194
5895607259718642176,212.38830740594614,-55.55885370781097,16.97372,1.575283,0.42315785171017073,-7.8622518812510105,-1.1566359591771613,4645.375
5895579153455917696,212.04671484466573,-55.8657811492255,16.974165,1.6849518,0.3388710017849418,-3.473466367272857,0.2882528823267799,4698.685
5895618460994012800,212.12949046083156,-55.55522854947823,16.974821,1.3687687,0.2528360837841627,-7.315321085079057,-5.232738435931188,5562.109
5895528507194108416,212.2662618615282,-55.889829413761504,16.975227,1.2776012,0.3842441868246427,0.26601854896722266,-5.5336757343602585,
5895576713909916928,212.17246076243444,-55.8207317460173,16.975264,1.3543339,0.5037847380212429,-12.610698313654943,-8.448523917005591,5529.232
5895618254835574912,212.1250179970092,-55.560673508424365,16.975409,1.3965435,0.5836400263093562,-5.275569062625121,-4.4332758187256935,5171.768
5895604712763965312,212.12811044981052,-55.69822214021809,16.977129,1.7768774,1.146884929928248,-11.155545886156421,-4.282347361287153,4608.281
5895594340456413568,211.9518728668773,-55.63592428488159,16.97726,1.170744,0.2609537416674319,-3.59296112006479,-1.7506291657914832,5265.0083
5895575133361852032,212.1221076221213,-55.90052707013838,16.977306,1.3631496,0.49643424387564616,-9.604817555930403,-8.119989553161053,5367.76
5895594099938400768,211.996060521488,-55.64117369480262,16.97763,1.7972908,0.254067971607785,-6.164013410634771,-0.6262604544078298,4925.1455
5895592858654244224,211.96792083914735,-55.69404333009609,16.979332,1.4116306,0.3553070572850892,-3.685186067787747,-1.2265777882411002,5254.775
5895600422117318656,212.23090056523645,-55.75678269696834,16.97944,1.7661963,-0.6751988188143458,-3.8592141565707387,-2.904394357379582,5771.4517
5895601281123889792,212.4784516440167,-55.73506344222545,16.979858,1.4814777,0.15338246981601436,-1.554773586127748,-1.244097897490616,6076.5034
5895575717477486976,212.23530533715265,-55.85733062881536,16.980068,1.7731342,0.12797702006947564,-2.000450949315015,-2.8912192618436032,4842.2017
5895617292762909824,212.21742449335568,-55.58248120392721,16.980104,1.6209793,0.8806871288392965,-6.314343878312587,-2.5595666052011627,4556.972
5895593275289983488,212.02536122564757,-55.65865616206468,16.980272,1.3902607,0.19237936863824928,-4.51141644158714,-2.143857292930207,4894.0986
5895599082086504704,212.32190549238615,-55.84537474702702,16.980648,1.3924847,0.5532546177518227,-7.112124309191634,-1.9099913539167175,5296.7446
5895528472834368512,212.28239255186622,-55.904018287116685,16.980701,1.713089,0.09167032703491008,-5.258755435715365,-4.224891619138352,4710.785
5895554375752030976,212.51723146470187,-55.74214519973736,16.981098,1.3439541,0.3241521693358017,-6.663844287705647,-3.1759616850759476,5496.7393
5895577946527575424,211.99401584726178,-55.84677195769561,16.982141,1.9329662,-0.06316801851202528,-4.9577236500176145,-2.5327380075622394,
5895616571208333568,212.13735055392593,-55.657658358702385,16.982525,1.7066727,0.3137482174837236,-9.008232869540008,-3.674924862664731,4732.8735
5895528404083097472,212.24499372338778,-55.904273952162825,16.98339,1.2814045,0.200359896264867,-6.090240564475,-1.78412338977818,5631.909
5895601246764147456,212.45415417850484,-55.74261097810282,16.984095,1.5123177,0.8735166632046584,-14.639888586446279,0.07827511888531521,4672.966
5895600559569395072,212.26667326725453,-55.73838824223695,16.984184,1.3899326,0.6197943191525774,-3.0826584789678066,-2.7922866151834196,5335.03
5895600314717323776,212.22519820979747,-55.782888742834494,16.98428,1.3660412,0.6959932164391853,-0.38711994390770377,-2.8945680273288374,5521.6943
5895618632792757632,212.19031792573142,-55.51597927186861,16.984388,1.441761,0.3299568513433276,-4.929639609619718,-0.9802591426030287,5394.1274
5895581283755170816,212.08574844812435,-55.71018855165796,16.985453,1.4261799,0.6064922608379232,-1.0605648610858796,-3.5293485177815107,5119.8994
5895594340456571392,211.96123978612954,-55.62710493804631,16.986471,1.624155,0.014298166152998336,-6.1755698937817085,-1.6222810086344959,4852.0684
5895552181060839424,212.3474217264668,-55.83652765195482,16.98652,1.8376026,-0.287882697357736,-4.6964466617465375,-0.6667554243409354,
5895602311916074240,212.3875539568786,-55.704537425631244,16.987259,1.4741974,0.2733971460772045,-8.433837962772014,-3.02180836592804,5558.135
5895604957616146304,212.18134366254728,-55.639208481360406,16.989485,1.6169434,0.9325080807513879,-1.737567804215507,-1.9492511589728756,4594.1377
5895551837463435392,212.38832420589083,-55.86735055868008,16.99029,1.7867718,-0.020788783161908367,-7.4458073476564985,-1.9999405440904234,5044.6636
5895601487268372352,212.40804980983617,-55.739432077618815,16.99249,1.857997,-0.4541840993984278,-5.767484811886899,-1.0908783914795523,
5895597432833050112,211.9912184024535,-55.598147398087384,16.992964,1.3067417,0.2997035074873012,-8.510493948876173,1.1533648649018549,5432.657
5895593687621520640,211.9649316898197,-55.6590996293941,16.993284,1.2346535,0.007011152639406604,-10.41923202707307,-2.2468326016171583,5625.3555
5895599356978507904,212.31316138292817,-55.812039653231295,16.9942,1.7862816,-0.09308051753483365,-7.284431344736448,-2.0722256335317955,5265.829
5895599833675442944,212.32749036939404,-55.788046805158565,16.995672,1.8275013,-0.06431721322824324,-6.607468232000663,-4.109203646645884,4842.4224
5895607190985508096,212.37995915594152,-55.57854262553717,16.99625,1.9765081,-0.1314968837123375,-5.903928319890012,1.2285777517056848,4983.7993
5895578706774554368,211.93221386325098,-55.828986849401566,16.99666,1.4638863,0.14573164435168012,-10.220852819023097,-5.009174332894609,6089.5737
5895599627527458432,212.41207980934885,-55.78772089878264,16.998007,1.3024254,0.6032837303860752,-4.396470175275292,4.8228440500969425,5150.3906
5895602518074509952,212.36856358307955,-55.700590754039084,16.999723,1.499506,0.6297686940769311,-6.865100132777919,-3.2772936779560373,5126.447
